miRNA	log2(exp)>=0	log2(exp)>=1	log2(exp)>=2	log2(exp)>=3	log2(exp)>=4	log2(exp)>=5	log2(exp)>=6	log2(exp)>=7	log2(exp)>=8	log2(exp)>=9	V12
hsa-let-7a	167	167	167	167	167	167	167	167	165	165	12.5975182095017
hsa-let-7b	167	167	167	167	167	162	144	115	77	50	8.07942823246775
hsa-let-7c	167	167	167	167	167	162	141	111	77	52	7.97554530607468
hsa-let-7d	167	167	167	167	167	167	167	161	151	130	10.1564717952271
hsa-let-7e	119	57	52	51	49	43	40	34	23	13	2.42796205014478
hsa-let-7f	167	167	167	167	167	167	167	165	158	151	10.8315308498418
hsa-let-7g	167	167	167	167	167	167	167	164	161	157	11.4439984595309
hsa-let-7i	167	167	167	167	167	167	166	165	163	149	10.4415171173012
hsa-miR-1	167	167	167	164	103	24	6	3	1	0	4.28221646794854
hsa-miR-100	167	167	167	153	101	45	24	10	5	4	4.56835220532722
hsa-miR-101	167	167	167	167	167	167	164	154	133	93	9.05930980834558
hsa-miR-103	167	167	167	167	167	167	167	166	166	164	11.339503474424
hsa-miR-105	166	166	164	150	90	15	1	0	0	0	4.01235781195948
hsa-miR-106a+hsa-miR-17	167	167	167	167	167	167	167	166	165	161	11.083597596783
hsa-miR-106b	167	167	167	167	167	167	166	166	166	159	11.5103762887075
hsa-miR-107	167	167	167	166	165	162	144	119	77	36	7.80553411212819
hsa-miR-10a	167	167	167	167	164	118	54	31	15	8	5.8876515439017
hsa-miR-10b	167	167	167	167	144	38	8	0	0	0	4.63067933660249
hsa-miR-1178	167	166	163	138	45	5	1	0	0	0	3.6435919730271
hsa-miR-1179	167	167	167	167	167	139	17	0	0	0	5.39590899868084
hsa-miR-1180	167	167	165	149	85	21	3	1	0	0	4.04436419676954
hsa-miR-1181	167	167	167	163	113	19	0	0	0	0	4.25898854288139
hsa-miR-1182	167	167	158	129	40	8	0	0	0	0	3.50305652195023
hsa-miR-1183	167	165	160	139	49	8	0	0	0	0	3.60950348046258
hsa-miR-1185	167	166	150	109	23	0	0	0	0	0	3.20340152654491
hsa-miR-1197	167	160	147	85	13	0	0	0	0	0	2.93701482284703
hsa-miR-1200	167	167	164	144	70	13	3	0	0	0	3.84438836249904
hsa-miR-1203	167	167	167	165	138	29	2	0	0	0	4.49810262538695
hsa-miR-1204	167	167	162	122	24	1	0	0	0	0	3.35335322316956
hsa-miR-1205	167	167	167	166	156	110	43	6	1	0	5.42698051501247
hsa-miR-1206	167	167	167	167	166	142	40	2	0	0	5.59278374498391
hsa-miR-122	167	167	167	166	146	21	0	0	0	0	4.48017548669784
hsa-miR-1225-3p	167	167	167	167	161	112	23	0	0	0	5.26007510739997
hsa-miR-1226	167	167	167	167	155	43	0	0	0	0	4.70480740377113
hsa-miR-1227	167	166	165	142	81	12	0	0	0	0	3.88912984652339
hsa-miR-1228	166	165	150	109	28	4	0	0	0	0	3.20691944886302
hsa-miR-1231	167	162	157	130	54	8	0	0	0	0	3.55123820265645
hsa-miR-1233	167	165	148	100	17	0	0	0	0	0	3.1012398283663
hsa-miR-1236	167	166	163	141	34	2	0	0	0	0	3.54538987890243
hsa-miR-124	167	167	166	157	68	13	6	2	1	0	3.95006822270073
hsa-miR-1243	167	167	167	167	125	22	0	0	0	0	4.39012404903616
hsa-miR-1244	167	167	167	167	153	52	1	0	0	0	4.73470203188432
hsa-miR-1245	167	167	166	157	76	4	0	0	0	0	3.88599951864635
hsa-miR-1246	167	167	167	167	167	167	167	162	138	105	9.8706787066417
hsa-miR-1247	167	166	156	102	26	0	0	0	0	0	3.20247450310024
hsa-miR-1248	167	167	167	163	111	26	0	0	0	0	4.30810246739744
hsa-miR-1250	167	167	163	150	67	10	0	0	0	0	3.84178242731546
hsa-miR-1251	167	166	166	156	93	10	0	0	0	0	4.0576654403072
hsa-miR-1252	167	167	167	166	104	20	0	0	0	0	4.21053472620974
hsa-miR-1253	167	167	167	167	160	57	0	0	0	0	4.86267631556312
hsa-miR-1254	167	166	164	152	102	16	1	0	0	0	4.06764799596468
hsa-miR-1255a	167	166	164	147	63	12	0	0	0	0	3.85303325549132
hsa-miR-1256	167	166	160	123	31	0	0	0	0	0	3.33827423561149
hsa-miR-1257	167	167	161	129	28	1	0	0	0	0	3.40292510340098
hsa-miR-1258	167	163	132	61	7	0	0	0	0	0	2.67712260847534
hsa-miR-125a-3p	161	155	155	155	154	151	145	131	86	9	7.32328673587648
hsa-miR-125a-5p	167	167	167	165	146	104	73	60	51	35	6.50877335633358
hsa-miR-125b	167	167	167	165	149	104	83	61	45	25	6.39978704340513
hsa-miR-126	167	167	167	167	166	127	81	60	43	36	7.13756892290291
hsa-miR-1260	167	167	167	167	167	167	167	167	167	166	12.1205757024857
hsa-miR-1261	167	167	167	167	162	88	10	0	0	0	5.08081213303123
hsa-miR-1262	167	166	164	154	69	4	0	0	0	0	3.81972577620506
hsa-miR-1263	167	167	167	164	139	33	0	0	0	0	4.54029423734512
hsa-miR-1266	167	167	167	167	162	104	28	7	1	0	5.2897316504739
hsa-miR-1268	167	167	167	166	148	73	7	0	0	0	4.88214530489352
hsa-miR-1269	167	164	155	124	43	5	0	0	0	0	3.45504968614193
hsa-miR-127-3p	167	167	160	106	34	10	9	9	6	3	3.55114308946604
hsa-miR-127-5p	167	166	166	164	129	51	6	0	0	0	4.57225638214418
hsa-miR-1271	167	167	165	145	77	7	0	0	0	0	3.81585848089949
hsa-miR-1272	167	167	166	151	81	16	2	0	0	0	4.02753304146398
hsa-miR-1275	167	167	167	166	149	60	0	0	0	0	4.74544666567314
hsa-miR-1276	167	167	167	167	161	109	7	0	0	0	5.19001432732398
hsa-miR-1277	167	167	167	159	91	11	0	0	0	0	4.05943353304457
hsa-miR-1278	167	166	161	131	38	1	0	0	0	0	3.48716038992341
hsa-miR-1279	167	167	167	162	134	40	3	0	0	0	4.54169622580102
hsa-miR-128	167	167	167	167	167	167	166	155	108	66	8.69982925138553
hsa-miR-1281	167	167	163	132	68	14	2	0	0	0	3.78022827985672
hsa-miR-1282	167	167	167	165	151	60	0	0	0	0	4.71789662398434
hsa-miR-1283	100	9	3	3	3	3	3	1	0	0	0.278066207150499
hsa-miR-1284	167	167	162	132	29	0	0	0	0	0	3.47267829116095
hsa-miR-1285	167	167	167	164	134	31	1	0	0	0	4.46157517913288
hsa-miR-1286	167	167	167	166	150	60	3	0	0	0	4.77421401478058
hsa-miR-1287	167	167	166	164	139	34	2	0	0	0	4.52411529435656
hsa-miR-1288	167	166	160	122	37	3	0	0	0	0	3.41714548827858
hsa-miR-1289	167	167	164	148	68	4	0	0	0	0	3.83179036592004
hsa-miR-129-3p	165	158	134	81	37	20	10	5	3	2	3.21786217395648
hsa-miR-129-5p	167	167	164	158	113	41	8	3	1	1	4.40207720772204
hsa-miR-1290	167	167	166	160	117	46	9	2	1	0	4.49074632819856
hsa-miR-1291	167	167	167	166	138	46	3	0	0	0	4.63341653142234
hsa-miR-1292	167	167	166	155	87	11	0	0	0	0	4.02025868376911
hsa-miR-1293	167	160	121	52	8	0	0	0	0	0	2.53723945124065
hsa-miR-1294	167	167	165	157	92	9	0	0	0	0	4.03629977982089
hsa-miR-1296	167	167	164	114	37	6	0	0	0	0	3.41452857501959
hsa-miR-1297	167	167	167	167	167	167	154	107	42	4	7.39902686568957
hsa-miR-1298	167	167	165	148	74	5	0	0	0	0	3.8700263706565
hsa-miR-1299	167	167	167	165	133	31	5	0	0	0	4.49605061021547
hsa-miR-1301	167	167	166	162	90	14	0	0	0	0	4.11958512045894
hsa-miR-1302	166	166	165	153	123	73	27	12	1	0	4.81194463325421
hsa-miR-1303	167	166	166	147	57	0	0	0	0	0	3.7139305963582
hsa-miR-1305	167	167	167	167	167	147	39	1	0	0	5.606484660718
hsa-miR-1306	164	151	102	28	1	0	0	0	0	0	2.20554292544488
hsa-miR-1307	167	167	167	167	164	107	22	1	1	0	5.25719831002594
hsa-miR-130a	167	167	157	118	59	37	32	28	11	8	4.22124393049496
hsa-miR-130b	167	167	167	167	167	167	166	153	117	63	8.75124738271835
hsa-miR-132	155	149	148	147	142	134	124	96	37	8	6.3699397760958
hsa-miR-1321	167	165	157	127	38	3	0	0	0	0	3.42044150218893
hsa-miR-1322	167	167	165	158	98	8	0	0	0	0	4.06227203938551
hsa-miR-1323	167	167	165	152	71	4	1	1	1	0	3.84812217673659
hsa-miR-133a	167	167	167	166	123	20	5	1	0	0	4.39196992481074
hsa-miR-133b	167	167	167	165	161	154	52	1	0	0	5.7141218445181
hsa-miR-134	167	167	167	167	164	127	4	0	0	0	5.24698868005941
hsa-miR-135a	167	163	151	111	51	23	14	9	5	3	3.64796165673788
hsa-miR-135b	167	167	160	137	64	31	22	18	15	11	4.3401594351753
hsa-miR-136	167	167	167	162	133	63	16	9	5	4	4.84351072647824
hsa-miR-137	167	167	167	167	167	143	34	5	3	1	5.62537842501542
hsa-miR-138	167	167	166	155	95	34	23	13	3	0	4.45539358738579
hsa-miR-139-5p	167	164	152	99	17	1	0	0	0	0	3.07790672742781
hsa-miR-140-3p	167	167	167	167	151	93	18	3	1	0	5.11466240529412
hsa-miR-140-5p	167	167	167	167	167	167	163	151	93	24	8.08349113299666
hsa-miR-141	167	167	166	160	118	31	5	3	2	2	4.42927827572072
hsa-miR-142-3p	167	167	167	167	164	164	162	160	158	155	11.6737205650306
hsa-miR-142-5p	165	162	161	161	160	160	159	157	152	144	10.9192410234239
hsa-miR-143	167	167	167	143	73	21	9	6	5	0	4.00320440393821
hsa-miR-144	167	167	165	147	73	17	15	11	10	8	4.23355375790129
hsa-miR-145	167	167	167	166	153	72	33	24	16	6	5.31492746817882
hsa-miR-1469	167	167	166	136	72	25	2	0	0	0	3.90953613509406
hsa-miR-146a	167	167	167	167	167	167	159	128	99	81	8.89307436563967
hsa-miR-146b-3p	167	167	167	159	93	14	0	0	0	0	4.0870445048691
hsa-miR-146b-5p	167	167	167	166	147	78	39	21	7	2	5.25193122825089
hsa-miR-147	167	167	167	165	128	35	0	0	0	0	4.45252359471237
hsa-miR-1470	166	162	155	93	19	1	0	0	0	0	3.09602307557924
hsa-miR-147b	167	167	165	162	147	113	57	13	0	0	5.40394419671979
hsa-miR-148a	167	167	167	167	161	150	140	128	116	97	9.1770216285563
hsa-miR-148b	167	167	167	167	167	167	165	154	101	45	8.36114896495036
hsa-miR-149	167	166	154	97	22	6	4	1	0	0	3.22614091278484
hsa-miR-150	167	167	167	165	157	131	88	59	46	29	6.76882242548368
hsa-miR-151-3p	166	166	159	137	91	63	44	30	8	3	4.70476259310498
hsa-miR-151-5p	166	164	155	125	94	84	62	47	32	12	5.18209341405947
hsa-miR-152	166	165	163	142	90	47	23	9	2	1	4.3412867021448
hsa-miR-153	167	167	162	126	52	3	1	0	0	0	3.58209389430528
hsa-miR-1537	167	167	167	167	167	165	135	41	14	5	6.67526230677735
hsa-miR-1538	167	164	161	135	36	0	0	0	0	0	3.4489972084595
hsa-miR-1539	166	164	158	126	19	0	0	0	0	0	3.2616112190505
hsa-miR-154	167	167	167	163	127	32	8	3	1	0	4.48746683386845
hsa-miR-155	167	167	167	167	167	167	146	118	95	75	8.78437403066562
hsa-miR-15a	167	167	167	167	167	167	166	165	163	157	11.3769144529997
hsa-miR-15b	167	167	167	167	167	167	167	166	164	155	11.0946846298268
hsa-miR-16	167	167	167	167	167	167	167	166	166	166	13.8016854880284
hsa-miR-181a	167	167	167	167	167	167	166	159	147	139	10.9605501916597
hsa-miR-181b+hsa-miR-181d	167	167	167	167	167	165	145	114	76	43	7.81488750120104
hsa-miR-181c	167	167	167	167	153	122	61	26	10	3	5.72888137887385
hsa-miR-1825	167	167	167	165	131	24	2	0	0	0	4.39900814773472
hsa-miR-1827	167	167	165	135	35	2	0	0	0	0	3.51436107966938
hsa-miR-183	167	167	167	167	156	120	85	58	19	8	6.19505181875065
hsa-miR-184	167	167	165	137	63	8	0	0	0	0	3.73639640071004
hsa-miR-185	167	167	167	167	167	164	140	87	32	5	7.10986123140079
hsa-miR-186	167	167	167	167	167	166	164	150	113	56	8.51089173457931
hsa-miR-187	167	167	167	167	164	104	12	0	0	0	5.16304550788593
hsa-miR-188-3p	167	167	167	167	165	149	92	54	23	9	6.46989603964122
hsa-miR-188-5p	167	167	167	167	167	166	107	1	0	0	6.10947081425581
hsa-miR-18a	167	167	167	167	167	167	167	164	156	138	10.2219267472236
hsa-miR-18b	167	167	167	167	166	165	159	143	105	48	8.25190660492085
hsa-miR-190	167	165	162	133	32	3	0	0	0	0	3.47919057533148
hsa-miR-1908	167	167	166	164	152	74	18	2	0	0	4.92832065240477
hsa-miR-1909	167	167	164	140	46	3	0	0	0	0	3.60293520876715
hsa-miR-190b	167	167	165	163	147	124	89	57	27	9	6.2308034919876
hsa-miR-191	167	167	167	167	167	167	167	163	149	125	9.90233133594879
hsa-miR-1910	167	167	166	161	137	35	1	0	0	0	4.52023108037603
hsa-miR-1911	167	167	166	161	107	10	0	0	0	0	4.15018238010844
hsa-miR-1912	167	167	167	167	167	124	30	0	0	0	5.40630180063494
hsa-miR-1913	167	167	167	163	127	20	0	0	0	0	4.34914555496574
hsa-miR-1914	167	166	165	153	103	18	1	0	0	0	4.14231500148817
hsa-miR-1915	167	167	166	155	81	11	1	0	0	0	4.00193374077894
hsa-miR-192	147	122	122	120	114	108	95	61	38	5	5.12024888561916
hsa-miR-193a-3p	100	6	0	0	0	0	0	0	0	0	0.165843749637544
hsa-miR-193a-5p	166	166	157	125	58	23	5	2	1	0	3.7347349488756
hsa-miR-193b	167	167	167	167	167	164	155	135	117	90	9.06765674593214
hsa-miR-194	167	167	167	166	160	121	63	32	12	4	5.8340088904165
hsa-miR-195	167	167	167	167	164	117	38	13	5	2	5.55907413838394
hsa-miR-196a	167	165	165	164	164	163	160	152	127	84	8.76425190885425
hsa-miR-196b	167	167	165	150	81	54	37	31	20	12	4.81232980321064
hsa-miR-197	167	167	167	167	167	161	141	111	59	17	7.44161071069608
hsa-miR-1973	167	167	167	167	159	118	36	8	1	0	5.40737212223332
hsa-miR-1976	167	164	146	104	24	8	0	0	0	0	3.1902842517313
hsa-miR-198	167	159	145	91	9	0	0	0	0	0	2.931547875899
hsa-miR-199a-3p+hsa-miR-199b-3p	167	167	167	166	143	73	46	33	19	10	5.4290718873443
hsa-miR-199a-5p	167	167	164	155	77	9	4	3	3	2	4.00298750307645
hsa-miR-199b-5p	167	167	166	165	138	78	52	40	30	16	5.62659490156819
hsa-miR-19a	167	167	167	167	166	166	166	166	165	151	10.8517870180706
hsa-miR-19b	167	167	167	167	167	167	167	167	167	166	13.5149543662218
hsa-miR-200a	167	167	167	167	167	161	122	54	4	2	6.5825101584893
hsa-miR-200b	167	167	167	166	144	40	5	2	2	2	4.70344119243647
hsa-miR-200c	167	167	166	166	159	100	30	8	4	4	5.34309941447178
hsa-miR-202	167	167	167	158	88	10	0	0	0	0	4.04879766365172
hsa-miR-203	167	167	167	166	141	63	16	5	5	3	4.9098820982158
hsa-miR-204	167	166	160	136	68	13	2	1	0	0	3.75090389481361
hsa-miR-205	167	167	167	163	111	26	13	11	6	5	4.53727015048594
hsa-miR-2052	167	163	154	95	14	0	0	0	0	0	3.02298195974035
hsa-miR-2053	167	163	156	127	40	6	0	0	0	0	3.42421883247361
hsa-miR-2054	167	167	167	162	126	26	0	0	0	0	4.34037263159919
hsa-miR-206	146	104	96	91	77	55	19	1	0	0	3.02626083335678
hsa-miR-208a	167	167	167	167	165	155	86	20	0	0	6.06779216746358
hsa-miR-208b	167	167	167	163	130	33	5	0	0	0	4.48142886552818
hsa-miR-20a+hsa-miR-20b	167	166	166	166	166	166	166	166	166	166	14.4841271003184
hsa-miR-21	167	167	167	167	166	166	166	152	134	113	9.84475841639187
hsa-miR-210	167	167	167	167	163	144	103	64	33	10	6.62619758917619
hsa-miR-211	167	165	154	96	10	1	0	0	0	0	3.05269303163799
hsa-miR-2110	167	167	162	122	18	0	0	0	0	0	3.30373541681225
hsa-miR-2113	167	167	167	158	76	16	6	2	1	1	4.0259479916263
hsa-miR-2114	167	167	167	165	132	15	0	0	0	0	4.36840672838667
hsa-miR-2115	167	165	161	129	49	6	0	0	0	0	3.51074600105001
hsa-miR-2116	167	167	166	146	60	4	0	0	0	0	3.74842946913933
hsa-miR-2117	167	167	167	167	140	58	5	0	0	0	4.70994602685231
hsa-miR-212	167	162	140	66	3	0	0	0	0	0	2.7515515163714
hsa-miR-214	167	167	167	163	132	41	15	5	1	1	4.67740167445862
hsa-miR-215	167	167	167	167	165	114	21	3	2	1	5.36921555883893
hsa-miR-216a	167	167	167	164	139	92	60	34	13	7	5.56320775968664
hsa-miR-217	166	164	151	121	34	4	3	2	2	0	3.41049368739447
hsa-miR-218	167	167	167	166	129	32	8	5	2	2	4.53711258526064
hsa-miR-219-1-3p	167	167	164	146	52	1	0	0	0	0	3.68022750763669
hsa-miR-219-2-3p	167	166	164	138	33	2	1	0	0	0	3.53837121487523
hsa-miR-219-5p	167	167	167	164	119	38	7	2	0	0	4.46592988744237
hsa-miR-22	167	167	167	167	164	142	75	34	13	3	6.10056760948156
hsa-miR-221	167	167	167	166	161	135	125	116	101	80	8.44916679866353
hsa-miR-222	167	167	167	167	156	140	131	116	93	52	7.89441670123097
hsa-miR-223	126	81	77	76	76	74	69	62	60	54	5.1762264280722
hsa-miR-224	167	167	166	162	108	36	11	6	1	1	4.46737200232315
hsa-miR-2276	167	166	159	130	39	6	0	0	0	0	3.470164442335
hsa-miR-2277	167	159	140	61	2	0	0	0	0	0	2.66184919703288
hsa-miR-2278	167	167	164	162	141	80	5	0	0	0	4.82443711389613
hsa-miR-23a	167	167	167	167	166	161	148	124	95	67	8.41989920633518
hsa-miR-23b	167	167	167	167	165	152	102	41	15	6	6.3838348093211
hsa-miR-24	167	167	167	167	167	166	164	154	132	99	9.62534165491619
hsa-miR-25	167	167	167	167	167	167	167	167	165	156	10.9933048096605
hsa-miR-26a	167	167	167	167	167	167	167	167	167	166	11.9295806543079
hsa-miR-26b	167	167	167	167	167	167	166	157	113	50	8.4584429955545
hsa-miR-27a	167	167	167	165	160	151	130	113	90	69	8.25940248335657
hsa-miR-27b	146	118	118	118	117	117	115	114	107	97	7.27290747989186
hsa-miR-28-3p	167	166	161	146	79	24	1	0	0	0	3.96840257897778
hsa-miR-28-5p	166	158	149	112	50	12	1	0	0	0	3.35860730129544
hsa-miR-296-3p	167	151	121	41	4	0	0	0	0	0	2.38606554774751
hsa-miR-296-5p	167	167	167	167	166	156	127	103	79	39	7.57579818958001
hsa-miR-297	167	165	139	90	9	0	0	0	0	0	2.91405253717449
hsa-miR-298	167	165	160	144	49	0	0	0	0	0	3.63867955740531
hsa-miR-299-3p	167	166	166	140	43	5	0	0	0	0	3.6012844327425
hsa-miR-299-5p	167	167	159	118	33	7	3	1	0	0	3.40289904354559
hsa-miR-29a	167	167	167	167	166	166	166	164	164	162	11.6352288033422
hsa-miR-29b	167	167	167	167	163	152	134	109	81	53	7.91728298593848
hsa-miR-29c	167	167	167	167	167	166	161	144	120	87	8.92845921754492
hsa-miR-300	167	167	167	167	165	116	7	0	0	0	5.20751544148919
hsa-miR-301a	167	167	167	167	167	167	166	131	90	39	8.14277924495026
hsa-miR-301b	167	167	167	167	166	156	100	35	19	4	6.36656443087416
hsa-miR-302a	167	167	162	147	42	0	0	0	0	0	3.65592186731885
hsa-miR-302b	167	167	167	166	112	8	0	0	0	0	4.19496019665734
hsa-miR-302c	167	167	166	157	108	29	0	0	0	0	4.25957732418857
hsa-miR-302d	167	166	164	142	46	2	0	0	0	0	3.60995797383601
hsa-miR-302e	167	167	167	167	153	102	33	6	0	0	5.28069226746299
hsa-miR-302f	167	167	167	164	142	65	2	0	0	0	4.76716254472242
hsa-miR-30a	167	167	167	167	167	165	132	59	21	5	6.78884805316606
hsa-miR-30b	167	167	167	167	167	167	167	166	163	159	11.7371099543848
hsa-miR-30c	167	167	167	167	167	167	167	166	160	121	9.62837736669746
hsa-miR-30d	167	167	167	167	166	163	155	125	81	31	7.85688218575416
hsa-miR-30e	167	167	167	167	166	164	157	137	100	46	8.20868982560108
hsa-miR-31	167	167	167	167	165	98	9	4	3	3	5.19841736196715
hsa-miR-32	167	167	167	167	167	167	167	138	93	38	8.17001196790577
hsa-miR-320a	167	167	167	167	164	136	53	5	1	0	5.65938323742755
hsa-miR-320b	167	167	165	163	143	72	16	1	0	0	4.83188405911893
hsa-miR-320c	167	166	166	166	166	165	164	163	163	162	10.6644434569212
hsa-miR-320d	167	166	162	134	37	1	0	0	0	0	3.45653756654155
hsa-miR-323-3p	166	166	156	118	36	5	3	0	0	0	3.43422328103846
hsa-miR-323-5p	167	167	167	166	116	16	0	0	0	0	4.27828275276469
hsa-miR-324-3p	167	167	167	167	166	135	43	5	0	0	5.57916389453859
hsa-miR-324-5p	167	167	167	167	167	162	151	113	58	23	7.49220630988016
hsa-miR-326	167	167	167	167	159	52	5	0	0	0	4.81285099975465
hsa-miR-328	167	167	167	166	148	74	15	0	0	0	4.93912784856416
hsa-miR-329	167	167	164	150	86	28	8	5	1	0	4.13843060411275
hsa-miR-330-3p	167	167	165	160	106	36	2	0	0	0	4.33294711969603
hsa-miR-330-5p	167	167	167	167	163	153	109	16	0	0	6.15086839898783
hsa-miR-331-3p	167	167	167	167	166	166	165	150	87	31	8.11288168188568
hsa-miR-331-5p	167	164	160	124	31	1	0	0	0	0	3.36275146231139
hsa-miR-335	167	167	167	164	150	97	62	32	12	3	5.65878973950998
hsa-miR-337-3p	167	166	159	119	33	10	9	7	5	2	3.54590565649967
hsa-miR-337-5p	167	167	167	166	161	95	17	6	1	0	5.18756103962859
hsa-miR-338-5p	167	166	156	116	12	0	0	0	0	0	3.18263457518438
hsa-miR-339-3p	167	167	164	153	112	26	4	0	0	0	4.23109652218861
hsa-miR-339-5p	167	167	167	162	136	66	20	4	1	0	4.85105086955612
hsa-miR-33a	167	167	167	158	88	3	0	0	0	0	3.97972545069293
hsa-miR-33b	167	167	167	167	161	75	15	0	0	0	5.0200631967855
hsa-miR-340	167	167	167	167	161	113	90	77	55	35	6.75783114910627
hsa-miR-342-3p	167	167	167	167	167	162	147	136	108	51	8.35281430170593
hsa-miR-342-5p	167	167	167	159	103	17	1	0	0	0	4.18185769593797
hsa-miR-345	167	167	167	166	162	124	88	59	27	10	6.28385321420658
hsa-miR-346	167	167	166	146	87	13	2	0	0	0	3.98614171839231
hsa-miR-34a	167	167	167	166	157	123	70	65	46	30	6.52502331424286
hsa-miR-34b	167	167	167	167	167	150	29	0	0	0	5.58680311477247
hsa-miR-34c-3p	167	167	167	159	96	14	0	0	0	0	4.11362944681691
hsa-miR-34c-5p	167	167	167	167	156	59	8	4	1	0	4.86038113018486
hsa-miR-361-3p	167	167	167	167	164	145	73	12	1	1	5.86271058016495
hsa-miR-361-5p	167	167	167	167	167	164	159	141	101	49	8.2646177561867
hsa-miR-362-3p	167	167	167	165	156	110	56	13	4	0	5.52012060058359
hsa-miR-362-5p	167	167	166	165	160	129	62	19	2	0	5.72517991812237
hsa-miR-363	167	167	167	167	167	151	60	43	31	26	6.55736807159416
hsa-miR-365	167	167	166	162	134	95	70	45	12	4	5.60376654476955
hsa-miR-367	167	167	164	159	86	14	0	0	0	0	4.01771292663329
hsa-miR-369-3p	167	167	167	167	146	63	11	9	8	6	4.97783119584096
hsa-miR-369-5p	167	166	165	149	85	19	1	0	0	0	4.0012813384018
hsa-miR-370	167	166	158	126	50	13	9	5	0	0	3.69085791779384
hsa-miR-371-3p	167	166	163	144	57	5	0	0	0	0	3.75675588581125
hsa-miR-371-5p	167	167	164	140	52	6	1	0	0	0	3.66604850994024
hsa-miR-372	167	166	161	141	71	10	1	0	0	0	3.80202719292754
hsa-miR-373	167	167	167	167	109	6	0	0	0	0	4.18757393900101
hsa-miR-374a	167	167	167	166	166	166	165	152	121	76	8.61883470214555
hsa-miR-374b	167	167	167	167	167	166	165	157	136	70	8.73108707409902
hsa-miR-375	167	166	166	150	76	8	4	1	0	0	3.90481571529223
hsa-miR-376a	167	167	167	167	158	92	17	10	9	8	5.28658494575354
hsa-miR-376b	167	167	167	167	127	30	9	9	6	2	4.60385078970682
hsa-miR-376c	167	167	167	166	148	53	15	13	9	9	5.07504923114563
hsa-miR-377	167	167	167	166	125	34	12	10	9	8	4.68750321601452
hsa-miR-378	167	167	167	167	167	164	160	130	71	18	7.76846186829836
hsa-miR-379	167	167	167	167	157	108	37	8	3	1	5.39657762215706
hsa-miR-380	167	167	166	156	85	12	0	0	0	0	3.97467991879696
hsa-miR-381	166	164	161	115	25	11	8	6	1	0	3.43728165974612
hsa-miR-382	167	161	138	65	10	6	5	2	1	0	2.84473475525959
hsa-miR-383	167	167	166	166	148	84	14	0	0	0	4.96035241857826
hsa-miR-384	167	167	167	166	102	10	0	0	0	0	4.21580037180918
hsa-miR-409-3p	167	166	161	146	60	15	4	2	0	0	3.84992795822072
hsa-miR-409-5p	167	167	167	166	126	34	6	3	0	0	4.46899262965704
hsa-miR-410	167	167	167	167	147	45	14	10	8	2	4.85350033276162
hsa-miR-412	167	167	165	135	50	0	0	0	0	0	3.61997331781559
hsa-miR-421	167	167	167	167	166	161	92	15	1	0	6.10188022779931
hsa-miR-422a	167	167	167	166	166	158	98	7	0	0	6.03573109052208
hsa-miR-423-3p	167	167	167	167	167	167	166	166	160	132	9.5520053694223
hsa-miR-423-5p	167	167	167	167	167	167	167	163	147	84	8.93210034956362
hsa-miR-424	167	167	167	167	167	151	91	35	14	4	6.2333908034419
hsa-miR-425	167	167	167	167	167	166	164	158	132	88	9.0392674565118
hsa-miR-429	167	167	167	164	107	21	2	2	2	2	4.31581885963999
hsa-miR-431	167	167	166	157	89	24	10	7	2	1	4.21671457759726
hsa-miR-432	167	167	166	158	94	26	9	3	0	0	4.19332882836216
hsa-miR-433	167	167	164	123	40	10	8	4	0	0	3.62289329716709
hsa-miR-448	164	156	135	62	2	0	0	0	0	0	2.61721156093845
hsa-miR-449a	167	166	166	165	120	22	5	3	1	0	4.38025476760328
hsa-miR-449b	167	167	167	154	59	2	0	0	0	0	3.76509534246239
hsa-miR-449c	165	142	108	45	1	0	0	0	0	0	2.22763440634199
hsa-miR-450a	167	167	167	164	140	113	70	33	12	5	5.69430085239243
hsa-miR-450b-3p	167	167	162	131	31	0	0	0	0	0	3.45173482941033
hsa-miR-450b-5p	167	167	167	167	165	104	18	1	0	0	5.23437162958551
hsa-miR-451	167	167	167	163	120	29	17	14	12	9	4.69034198000961
hsa-miR-452	167	167	167	165	127	43	11	7	2	1	4.67668858260467
hsa-miR-453	167	167	167	167	154	58	3	0	0	0	4.79095572044364
hsa-miR-454	167	167	167	166	165	160	140	81	24	9	6.92922749945767
hsa-miR-455-3p	167	167	164	153	100	47	28	16	9	2	4.60555558454329
hsa-miR-455-5p	167	166	163	149	87	36	13	4	0	0	4.1873354303802
hsa-miR-483-3p	167	166	161	131	30	0	0	0	0	0	3.44771606313327
hsa-miR-483-5p	167	166	165	148	53	3	0	0	0	0	3.6722704682701
hsa-miR-484	167	167	167	167	167	167	166	161	145	102	9.29254616674111
hsa-miR-485-3p	165	163	163	163	163	162	161	157	152	122	9.33750815492068
hsa-miR-485-5p	167	167	167	154	99	10	0	0	0	0	4.11451363665412
hsa-miR-486-3p	167	167	166	156	129	53	23	12	8	2	4.74735213960453
hsa-miR-487a	167	167	165	148	53	13	10	7	4	0	3.93800257651053
hsa-miR-487b	167	167	164	152	75	20	10	9	9	5	4.17986712727838
hsa-miR-488	167	165	159	129	35	2	0	0	0	0	3.4000814197915
hsa-miR-489	167	166	162	126	31	2	0	0	0	0	3.4212460962283
hsa-miR-490-3p	167	167	167	167	167	162	153	121	63	11	7.54507748594562
hsa-miR-490-5p	167	167	167	165	141	65	14	0	0	0	4.7958701987839
hsa-miR-491-3p	167	167	166	162	101	9	0	0	0	0	4.09616007075584
hsa-miR-491-5p	167	166	164	136	52	0	0	0	0	0	3.62391167100665
hsa-miR-492	167	167	166	142	78	13	0	0	0	0	3.9037519386255
hsa-miR-493	167	167	167	167	165	141	50	2	0	0	5.68326138958419
hsa-miR-494	165	161	161	161	161	160	158	152	137	101	8.83665970227346
hsa-miR-495	167	167	167	167	165	76	12	9	8	7	5.16122142305068
hsa-miR-496	167	167	167	167	167	167	154	67	2	0	6.78254771380954
hsa-miR-497	166	165	160	140	69	41	24	11	5	4	4.23654333862192
hsa-miR-498	167	167	156	119	21	2	2	2	0	0	3.32525706064558
hsa-miR-499-3p	167	167	164	140	61	4	0	0	0	0	3.67561335287293
hsa-miR-499-5p	167	167	167	164	131	26	1	0	0	0	4.38128732447874
hsa-miR-500+hsa-miR-501-5p	167	167	167	167	158	99	17	3	0	0	5.16434372066657
hsa-miR-501-3p	167	167	167	166	150	113	37	2	0	0	5.26844530955629
hsa-miR-503	167	167	163	158	132	64	13	0	0	0	4.64896864914884
hsa-miR-504	167	167	166	158	125	36	0	0	0	0	4.37372290448946
hsa-miR-505	167	167	167	158	132	59	20	3	0	0	4.73752243642648
hsa-miR-506	167	167	165	152	107	17	1	0	0	0	4.14732018766677
hsa-miR-507	167	167	165	157	94	9	1	0	0	0	4.0611813311642
hsa-miR-508-3p	167	167	165	144	76	11	1	1	0	0	3.85132662547968
hsa-miR-508-5p	167	167	167	167	154	106	54	14	5	0	5.48391983622821
hsa-miR-509-3-5p	166	157	131	59	3	0	0	0	0	0	2.57243546117177
hsa-miR-509-3p	167	167	167	167	165	155	138	110	68	28	7.5245021765961
hsa-miR-509-5p	167	167	167	163	106	18	1	0	0	0	4.22718679741005
hsa-miR-510	167	166	159	131	52	8	1	0	0	0	3.58571352551738
hsa-miR-511	166	165	150	86	19	0	0	0	0	0	3.03238464091596
hsa-miR-512-3p	167	164	151	91	15	2	0	0	0	0	3.03933148163628
hsa-miR-512-5p	167	167	167	163	97	12	1	1	1	1	4.15435868221056
hsa-miR-513a-3p	167	167	167	166	138	51	6	1	0	0	4.69353978670893
hsa-miR-513a-5p	165	165	160	146	57	3	0	0	0	0	3.69715163680027
hsa-miR-513b	167	167	165	147	102	38	10	5	0	0	4.30731135505844
hsa-miR-514	167	167	167	167	166	115	14	2	0	0	5.28230337838242
hsa-miR-515-3p	167	167	166	158	84	10	3	2	1	1	4.08215722037607
hsa-miR-515-5p	166	165	165	155	93	13	2	2	2	1	4.0634085711092
hsa-miR-516a-3p	167	167	167	167	167	153	58	0	0	0	5.78230059970873
hsa-miR-516a-5p	166	165	164	141	65	5	1	1	0	0	3.70376827528286
hsa-miR-516b	165	164	161	130	34	4	2	1	0	0	3.45030835138387
hsa-miR-517a	167	167	166	142	51	6	3	3	2	2	3.78293780063035
hsa-miR-517b	164	151	128	55	18	12	4	0	0	0	2.69635157603571
hsa-miR-517c+hsa-miR-519a	167	167	167	166	162	82	7	4	3	2	5.09346239729554
hsa-miR-518b	167	167	167	164	123	23	3	2	1	1	4.3819013047999
hsa-miR-518c	167	162	155	115	27	3	3	2	2	2	3.29302971272122
hsa-miR-518d-3p	167	167	167	167	130	24	0	0	0	0	4.38177615729198
hsa-miR-518e	167	167	167	160	109	22	1	1	0	0	4.29395595427655
hsa-miR-518f	103	42	42	41	37	29	17	3	0	0	1.37878265480884
hsa-miR-519b-3p	167	167	167	164	142	19	3	2	2	1	4.48635178742728
hsa-miR-519c-3p	167	162	140	68	11	1	0	0	0	0	2.75328723804025
hsa-miR-519d	167	164	157	124	27	2	1	0	0	0	3.33575895059039
hsa-miR-519e	166	166	164	145	77	13	1	0	0	0	3.89269294077242
hsa-miR-520a-3p	167	167	167	166	146	70	20	5	0	0	4.93272993367216
hsa-miR-520a-5p	167	167	165	157	99	19	4	2	2	1	4.16539548895755
hsa-miR-520b	167	167	166	154	80	12	2	0	0	0	3.99497112511541
hsa-miR-520c-3p	167	167	166	164	124	19	3	2	2	1	4.41105398531707
hsa-miR-520d-3p	165	164	158	129	47	2	1	0	0	0	3.49070872194373
hsa-miR-520d-5p+hsa-miR-527+hsa-miR-518a-5p	167	167	167	167	167	167	158	46	1	0	6.72974354593082
hsa-miR-520e	167	167	167	167	165	160	132	79	14	1	6.75898491026474
hsa-miR-520f	167	167	167	163	132	31	3	2	0	0	4.48850340153748
hsa-miR-520g	167	167	165	153	87	8	3	2	2	1	4.06178120173483
hsa-miR-521	167	161	149	95	14	5	2	1	1	0	3.05264102338879
hsa-miR-522	167	167	167	163	101	14	3	2	2	1	4.17899257257617
hsa-miR-523	167	161	142	95	18	2	0	0	0	0	2.97685525035739
hsa-miR-524-3p	167	164	155	111	24	2	0	0	0	0	3.24122891038134
hsa-miR-525-3p	167	167	167	163	109	13	1	1	0	0	4.24194604963946
hsa-miR-525-5p	167	167	167	164	145	45	3	2	2	1	4.69026659408909
hsa-miR-526a+hsa-miR-518d-5p+hsa-miR-520c-5p	167	167	167	167	167	162	119	41	3	0	6.4484269215749
hsa-miR-526b	167	167	167	165	160	108	17	2	2	1	5.21855226827192
hsa-miR-532-3p	167	166	165	161	157	133	76	27	4	0	5.82529329003741
hsa-miR-532-5p	167	166	165	160	140	86	43	12	0	0	5.13591043151988
hsa-miR-539	167	167	167	167	167	167	159	58	0	0	6.81674364933308
hsa-miR-541	165	165	158	106	22	0	0	0	0	0	3.16937034282131
hsa-miR-542-3p	167	167	167	167	167	143	39	10	1	0	5.64970619940349
hsa-miR-542-5p	167	167	167	167	164	114	31	2	0	0	5.35371535763649
hsa-miR-543	167	165	161	134	44	12	9	8	7	2	3.75205636516437
hsa-miR-544	167	166	166	166	166	166	166	166	165	165	11.9146190040608
hsa-miR-545	167	167	164	152	74	8	0	0	0	0	3.92130841054246
hsa-miR-548a-3p	167	167	167	167	167	124	37	4	0	0	5.46977546275837
hsa-miR-548a-5p	167	167	167	167	167	167	164	113	34	1	7.39398422092846
hsa-miR-548b-3p	166	166	165	163	117	28	1	0	0	0	4.29338286694559
hsa-miR-548b-5p	167	164	160	106	19	0	0	0	0	0	3.17665717006116
hsa-miR-548c-5p	167	163	147	106	20	1	0	0	0	0	3.10081571983652
hsa-miR-548d-3p	167	167	167	165	153	57	8	0	0	0	4.76222756644918
hsa-miR-548d-5p	167	167	167	167	167	153	27	0	0	0	5.58004404490119
hsa-miR-548e	167	167	167	148	91	14	0	0	0	0	4.01082381610458
hsa-miR-548f	166	166	165	152	100	22	1	0	0	0	4.13764462452532
hsa-miR-548g	167	167	167	167	167	166	103	15	1	1	6.23063145756187
hsa-miR-548h	167	167	167	167	156	93	15	1	0	0	5.08667734249808
hsa-miR-548i	167	167	167	167	167	167	146	30	0	0	6.51226171106637
hsa-miR-548j	167	167	166	159	94	25	8	2	0	0	4.22237510419427
hsa-miR-548k	167	167	167	164	135	24	0	0	0	0	4.38727035393352
hsa-miR-548l	167	167	167	166	132	41	2	0	0	0	4.5561917114553
hsa-miR-548m	167	167	167	166	150	54	5	0	0	0	4.72784382632706
hsa-miR-548o	167	167	167	162	105	29	0	0	0	0	4.26505424597856
hsa-miR-548p	167	163	153	117	28	3	0	0	0	0	3.29032856547076
hsa-miR-548q	167	167	147	96	10	0	0	0	0	0	2.99574296208021
hsa-miR-549	167	167	164	139	37	0	0	0	0	0	3.56769003872461
hsa-miR-550	167	163	146	94	14	0	0	0	0	0	2.98814620251402
hsa-miR-551a	167	167	164	153	88	21	3	0	0	0	4.04952305323777
hsa-miR-551b	167	167	166	157	115	59	32	13	4	0	4.77694813936251
hsa-miR-553	167	166	161	138	67	12	0	0	0	0	3.7829246182185
hsa-miR-554	167	164	155	118	43	6	0	0	0	0	3.3616305235356
hsa-miR-555	167	167	167	165	119	18	0	0	0	0	4.32079869015464
hsa-miR-556-3p	167	164	160	122	24	0	0	0	0	0	3.31934598231384
hsa-miR-556-5p	167	167	167	164	130	33	1	0	0	0	4.46648459289831
hsa-miR-557	167	165	164	136	42	2	0	0	0	0	3.53434649642651
hsa-miR-558	167	167	161	151	75	1	0	0	0	0	3.79683777345886
hsa-miR-559	167	162	157	119	33	0	0	0	0	0	3.32990305377094
hsa-miR-561	167	167	167	167	167	167	145	22	0	0	6.49296650199757
hsa-miR-562	167	167	167	167	149	35	0	0	0	0	4.57646723553906
hsa-miR-563	167	167	156	121	17	0	0	0	0	0	3.28966086069969
hsa-miR-564	167	159	134	77	8	0	0	0	0	0	2.7842511745362
hsa-miR-566	167	167	167	167	164	72	4	0	0	0	4.94998869211544
hsa-miR-567	166	161	143	61	6	0	0	0	0	0	2.74105669568609
hsa-miR-568	167	165	149	102	20	0	0	0	0	0	3.07856011291748
hsa-miR-569	167	167	167	167	167	152	71	3	0	0	5.82190694158831
hsa-miR-570	167	167	167	167	166	152	46	0	0	0	5.62215169620883
hsa-miR-571	167	167	165	143	54	7	0	0	0	0	3.74568575745801
hsa-miR-572	167	167	167	167	155	52	3	0	0	0	4.7777002383296
hsa-miR-573	167	167	166	157	77	11	0	0	0	0	3.94922063243509
hsa-miR-574-3p	167	166	163	146	100	65	36	15	2	0	4.60818837459644
hsa-miR-574-5p	167	167	166	161	125	41	6	2	0	0	4.51357302462637
hsa-miR-576-3p	167	167	167	160	114	8	0	0	0	0	4.18526582021388
hsa-miR-576-5p	167	167	166	160	111	19	3	0	0	0	4.26262287546707
hsa-miR-577	167	167	167	166	153	70	11	2	0	0	4.89204540530622
hsa-miR-578	167	167	166	160	97	8	0	0	0	0	4.05764511412288
hsa-miR-579	161	157	156	156	153	147	139	106	45	8	6.85228495488482
hsa-miR-580	167	167	167	166	151	20	0	0	0	0	4.52271896246384
hsa-miR-581	167	167	165	153	70	2	0	0	0	0	3.81084770825766
hsa-miR-582-3p	167	167	165	160	106	21	0	0	0	0	4.19564680291115
hsa-miR-582-5p	167	167	167	165	146	67	24	12	6	1	5.00148623579903
hsa-miR-583	167	166	163	124	37	0	0	0	0	0	3.44196750902555
hsa-miR-584	167	167	167	167	164	98	9	0	0	0	5.1050585687064
hsa-miR-586	167	162	148	109	20	0	0	0	0	0	3.13717147709912
hsa-miR-587	167	167	161	130	41	0	0	0	0	0	3.49314559607174
hsa-miR-588	167	167	166	153	64	5	0	0	0	0	3.81960577978166
hsa-miR-589	167	167	167	166	127	14	0	0	0	0	4.36631440419761
hsa-miR-590-3p	167	167	167	165	157	103	26	3	0	0	5.20083732005125
hsa-miR-590-5p	163	163	163	163	163	162	160	157	154	130	9.37596697282409
hsa-miR-591	167	166	164	141	63	12	0	0	0	0	3.81526161968783
hsa-miR-592	167	167	167	166	162	109	31	6	2	0	5.33325934150279
hsa-miR-593	167	163	149	97	27	2	0	0	0	0	3.11406721615152
hsa-miR-595	167	167	166	165	122	40	1	0	0	0	4.48842819390223
hsa-miR-596	167	166	165	151	70	7	0	0	0	0	3.81831214164115
hsa-miR-597	167	167	161	133	50	2	0	0	0	0	3.57295377244537
hsa-miR-598	167	167	167	167	158	109	43	7	3	1	5.43213332915461
hsa-miR-599	167	166	166	155	85	5	0	0	0	0	3.91334571921166
hsa-miR-600	167	167	167	167	167	165	114	0	0	0	6.12410650004788
hsa-miR-601	167	167	167	165	138	18	0	0	0	0	4.40459242738907
hsa-miR-602	165	159	150	107	17	0	0	0	0	0	3.0958131774357
hsa-miR-603	103	28	26	23	22	22	17	8	3	1	1.02154713284359
hsa-miR-604	167	160	132	69	13	1	0	0	0	0	2.76498394066989
hsa-miR-605	167	166	160	130	28	0	0	0	0	0	3.4002556518225
hsa-miR-606	167	161	145	76	8	0	0	0	0	0	2.84615996088369
hsa-miR-607	167	167	166	148	66	5	0	0	0	0	3.79739871849717
hsa-miR-608	166	164	160	132	41	2	0	0	0	0	3.47877190769551
hsa-miR-609	166	166	158	130	34	1	0	0	0	0	3.42744672083716
hsa-miR-610	167	167	163	137	30	0	0	0	0	0	3.47293425920845
hsa-miR-611	166	164	155	104	5	0	0	0	0	0	3.08234673630104
hsa-miR-612	167	157	142	98	15	1	0	0	0	0	2.99848711301814
hsa-miR-613	167	167	167	164	84	9	0	0	0	0	4.04861498241565
hsa-miR-614	167	167	167	165	131	25	0	0	0	0	4.40282648168545
hsa-miR-615-3p	167	167	166	156	82	11	1	1	1	0	4.04368989852563
hsa-miR-615-5p	167	167	167	166	131	55	10	1	0	0	4.67613289130045
hsa-miR-616	167	167	167	156	96	12	0	0	0	0	4.1069627577082
hsa-miR-617	167	167	165	156	69	1	0	0	0	0	3.83278327687911
hsa-miR-619	167	167	167	165	119	43	6	0	0	0	4.42503981848352
hsa-miR-620	167	167	166	163	103	4	0	0	0	0	4.10487174968719
hsa-miR-622	167	167	165	145	53	2	0	0	0	0	3.68285710207317
hsa-miR-623	167	167	167	163	130	29	2	0	0	0	4.4197184247619
hsa-miR-624	167	167	161	105	28	3	0	0	0	0	3.29177787436472
hsa-miR-625	167	166	162	136	34	6	2	0	0	0	3.53757287148797
hsa-miR-626	167	167	167	167	167	153	41	3	0	0	5.67920222705622
hsa-miR-627	167	167	167	159	114	19	1	0	0	0	4.24715645873034
hsa-miR-628-5p	167	165	161	145	94	19	2	0	0	0	4.00212795334711
hsa-miR-629	167	167	166	164	159	102	20	4	0	0	5.16067558927617
hsa-miR-630	167	167	167	167	167	156	109	52	22	7	6.58501350097441
hsa-miR-631	167	167	167	161	139	52	14	2	2	0	4.7515330233575
hsa-miR-632	167	167	167	167	138	35	0	0	0	0	4.57083344038029
hsa-miR-633	167	167	167	166	152	76	28	10	2	0	5.07919823806275
hsa-miR-634	167	167	161	138	53	4	0	0	0	0	3.58816115941123
hsa-miR-635	167	167	167	159	103	11	0	0	0	0	4.13734953839287
hsa-miR-636	167	167	166	147	78	6	0	0	0	0	3.82376432402114
hsa-miR-637	167	167	165	143	35	1	0	0	0	0	3.57375946547862
hsa-miR-638	167	167	166	153	63	7	0	0	0	0	3.83921463624603
hsa-miR-639	167	167	166	162	99	14	0	0	0	0	4.17535302276084
hsa-miR-640	167	167	167	167	167	148	33	0	0	0	5.60739099392324
hsa-miR-641	167	167	167	167	167	161	57	1	0	0	5.79293529300756
hsa-miR-642	167	167	166	165	146	71	17	2	0	0	4.86313477446202
hsa-miR-643	167	166	166	154	105	45	6	1	0	0	4.36378567099597
hsa-miR-644	167	167	163	140	53	4	0	0	0	0	3.64768910635189
hsa-miR-645	167	167	163	144	62	3	0	0	0	0	3.74676167569118
hsa-miR-646	167	167	167	167	163	143	66	0	0	0	5.74289668466475
hsa-miR-647	167	167	167	157	57	3	0	0	0	0	3.79784908971484
hsa-miR-648	167	167	167	165	122	21	2	0	0	0	4.31138639425787
hsa-miR-649	167	167	167	164	127	49	0	0	0	0	4.53980537902609
hsa-miR-650	166	166	164	156	87	11	0	0	0	0	4.01634382210899
hsa-miR-651	167	167	167	167	167	167	113	7	0	0	6.19921656638186
hsa-miR-652	167	167	164	141	59	13	0	0	0	0	3.76360341176345
hsa-miR-653	167	167	167	164	138	76	26	17	5	3	5.06653097193479
hsa-miR-654-3p	167	167	167	167	163	120	8	0	0	0	5.25252321481028
hsa-miR-654-5p	167	166	166	158	86	7	0	0	0	0	3.98830330947065
hsa-miR-655	167	167	167	167	167	150	48	7	3	0	5.79051452674389
hsa-miR-656	167	167	167	167	148	44	8	3	0	0	4.72717950109423
hsa-miR-657	167	162	153	102	21	0	0	0	0	0	3.12291699992747
hsa-miR-658	167	166	163	143	54	10	2	0	0	0	3.69034273844506
hsa-miR-659	167	163	155	123	42	5	0	0	0	0	3.43650495453654
hsa-miR-660	167	167	167	166	161	144	92	32	3	0	6.0666082438784
hsa-miR-661	167	167	167	150	75	6	0	0	0	0	3.91501505495998
hsa-miR-662	167	167	165	157	68	2	0	0	0	0	3.83544902597862
hsa-miR-663	167	167	166	160	92	7	0	0	0	0	4.01003163470687
hsa-miR-663b	167	167	166	160	122	20	0	0	0	0	4.29127776284483
hsa-miR-664	100	10	4	4	4	2	2	0	0	0	0.277560978612197
hsa-miR-665	167	164	153	99	10	1	0	0	0	0	3.05538434139982
hsa-miR-668	167	167	167	159	88	7	0	0	0	0	4.02162916434869
hsa-miR-670	167	163	145	75	2	0	0	0	0	0	2.81297747558489
hsa-miR-671-3p	167	166	165	159	92	9	0	0	0	0	3.98281781416311
hsa-miR-671-5p	167	164	159	112	19	0	0	0	0	0	3.2185175138112
hsa-miR-675	167	162	157	142	68	8	0	0	0	0	3.72680664480217
hsa-miR-7	167	166	161	148	75	25	8	4	2	1	4.06060852537362
hsa-miR-708	167	167	167	167	167	167	164	71	23	11	7.15973754832654
hsa-miR-711	162	150	108	35	0	0	0	0	0	0	2.21593771851802
hsa-miR-718	167	167	167	158	109	12	0	0	0	0	4.19146705767508
hsa-miR-744	118	60	58	56	45	28	11	0	0	0	1.79197404760199
hsa-miR-758	167	167	166	157	103	25	2	0	0	0	4.2273106480542
hsa-miR-759	167	167	167	165	118	29	0	0	0	0	4.35194030113337
hsa-miR-760	167	167	165	152	94	21	4	0	0	0	4.05476587436494
hsa-miR-761	165	161	128	47	3	0	0	0	0	0	2.53327179502236
hsa-miR-762	167	167	161	137	68	15	2	0	0	0	3.82230966808799
hsa-miR-764	167	167	167	163	123	21	0	0	0	0	4.29076821703413
hsa-miR-765	167	166	158	130	35	0	0	0	0	0	3.40944678752957
hsa-miR-766	167	167	167	166	161	146	90	40	18	3	6.20939238048306
hsa-miR-767-3p	167	167	162	149	78	18	2	0	0	0	3.97554379033819
hsa-miR-767-5p	167	167	167	167	138	45	8	3	1	0	4.66520287790856
hsa-miR-769-3p	167	167	164	155	107	23	0	0	0	0	4.1985429011412
hsa-miR-769-5p	167	167	167	167	166	127	42	5	0	0	5.55552770288433
hsa-miR-770-5p	167	167	166	163	123	30	1	0	0	0	4.37724065412651
hsa-miR-802	167	167	167	166	113	22	0	0	0	0	4.26192809607994
hsa-miR-873	167	167	167	167	133	64	12	1	0	0	4.72203528992309
hsa-miR-874	167	167	166	157	109	26	2	0	0	0	4.28975824235679
hsa-miR-875-3p	167	165	149	94	11	0	0	0	0	0	3.0165617001917
hsa-miR-875-5p	167	167	167	164	151	104	34	9	0	0	5.28436086792288
hsa-miR-876-3p	167	167	166	159	83	22	1	0	0	0	4.1089327808411
hsa-miR-876-5p	167	167	167	165	125	23	1	0	0	0	4.38668158116594
hsa-miR-877	167	166	160	132	41	2	0	0	0	0	3.51391260930461
hsa-miR-885-3p	167	163	144	73	9	0	0	0	0	0	2.81328947849265
hsa-miR-885-5p	167	167	165	138	49	13	6	4	3	1	3.76827055900273
hsa-miR-887	167	167	167	154	62	3	0	0	0	0	3.80766543081571
hsa-miR-888	167	167	166	146	39	1	1	0	0	0	3.65326673890919
hsa-miR-889	167	167	162	140	68	20	8	6	2	0	3.89063284660077
hsa-miR-890	167	167	166	157	124	59	25	11	3	0	4.7454667185763
hsa-miR-891a	167	167	164	161	126	46	6	2	1	0	4.56375756643748
hsa-miR-891b	167	167	167	165	140	32	2	1	0	0	4.51691978438476
hsa-miR-892a	165	163	155	123	26	0	0	0	0	0	3.29750828403038
hsa-miR-892b	167	167	166	165	148	49	5	0	0	0	4.69241061187684
hsa-miR-9	167	167	167	166	147	135	125	111	84	60	7.73993818303031
hsa-miR-921	167	161	137	65	2	0	0	0	0	0	2.69167647495462
hsa-miR-922	167	166	163	147	54	6	0	0	0	0	3.68460429037183
hsa-miR-924	167	167	161	137	39	1	0	0	0	0	3.49241331420637
hsa-miR-92a	167	167	167	167	167	167	167	167	167	167	13.1704084642136
hsa-miR-92b	167	167	167	167	167	162	139	99	46	8	7.22422248030371
hsa-miR-93	167	167	167	167	167	166	166	160	145	106	9.34643660535005
hsa-miR-933	167	166	157	128	38	6	0	0	0	0	3.48840475169772
hsa-miR-934	167	167	167	167	166	91	11	1	1	1	5.13388011881843
hsa-miR-935	167	167	157	121	34	0	0	0	0	0	3.36672373459548
hsa-miR-936	167	163	156	99	16	0	0	0	0	0	3.09342996163452
hsa-miR-937	167	167	165	153	71	8	0	0	0	0	3.92700444612298
hsa-miR-938	167	167	161	133	51	8	0	0	0	0	3.60164338049018
hsa-miR-939	165	158	141	79	13	0	0	0	0	0	2.82518290086892
hsa-miR-943	167	167	167	167	160	113	32	4	0	0	5.34683012345886
hsa-miR-944	166	162	137	75	18	2	0	0	0	0	2.87544273639264
hsa-miR-95	167	167	162	123	53	24	10	4	1	0	3.79350874624419
hsa-miR-96	167	167	167	167	167	167	167	162	137	93	9.29247979819431
hsa-miR-98	167	167	167	167	165	155	125	91	59	35	7.37468341386302
hsa-miR-99a	167	167	167	167	163	118	87	69	48	34	6.71170589743757
hsa-miR-99b	167	167	167	163	127	78	61	50	39	26	5.84233034254666
