miRNA	log2(exp)>=0	log2(exp)>=1	log2(exp)>=2	log2(exp)>=3	log2(exp)>=4	log2(exp)>=5	log2(exp)>=6	log2(exp)>=7	log2(exp)>=8	log2(exp)>=9	mean expression level
hsa-let-7a	954	954	954	954	954	954	954	952	948	946	13.6378686362829
hsa-let-7b	954	954	954	954	954	946	925	883	809	724	10.1376925974355
hsa-let-7c	954	954	954	954	954	946	913	841	708	478	9.02577270292764
hsa-let-7d	954	954	954	954	954	954	953	942	918	858	10.761164216753
hsa-let-7e	869	771	765	763	759	741	716	679	598	441	7.33348868045014
hsa-let-7f	954	954	954	954	954	954	950	944	929	882	11.1088607027294
hsa-let-7g	954	954	954	954	954	950	948	943	935	910	11.3990330546914
hsa-let-7i	954	954	954	954	954	954	953	950	936	888	11.0042631506353
hsa-miR-1	954	954	954	918	510	110	18	8	5	1	4.14888611691946
hsa-miR-100	954	954	954	930	815	682	607	550	493	437	8.27044965597236
hsa-miR-101	954	954	954	954	954	951	926	862	666	352	8.61843499477592
hsa-miR-103	954	954	954	954	954	954	954	953	952	938	11.4798789073727
hsa-miR-105	953	951	947	902	634	203	60	11	1	0	4.3879763268633
hsa-miR-106a+hsa-miR-17	954	954	954	954	954	953	952	920	859	711	9.88614349136007
hsa-miR-106b	954	954	954	954	954	954	952	948	935	876	11.0638556120965
hsa-miR-107	954	954	954	953	952	944	901	780	539	286	8.23331021623877
hsa-miR-10a	954	954	954	954	951	880	736	615	476	322	8.05016002738538
hsa-miR-10b	954	954	954	954	902	585	326	180	87	40	5.73160839120786
hsa-miR-1178	954	950	930	779	318	99	59	41	19	7	3.854762736294
hsa-miR-1179	954	954	954	954	951	791	106	0	0	0	5.42241778217697
hsa-miR-1180	954	954	951	925	764	389	136	34	3	1	4.87251575471251
hsa-miR-1181	954	954	954	939	739	141	4	0	0	0	4.40464407132867
hsa-miR-1182	954	952	924	779	314	49	2	0	0	0	3.65786112877387
hsa-miR-1183	954	946	915	757	293	41	1	0	0	0	3.58657109335266
hsa-miR-1185	954	948	913	719	202	29	5	0	0	0	3.45944948272433
hsa-miR-1197	954	931	840	513	61	0	0	0	0	0	2.95042649487106
hsa-miR-1200	954	953	948	897	539	102	10	1	0	0	4.1051118595587
hsa-miR-1203	954	954	954	945	698	126	5	0	0	0	4.34857663119334
hsa-miR-1204	954	950	917	708	159	5	0	0	0	0	3.37217008065205
hsa-miR-1205	954	953	951	924	768	399	120	19	1	0	4.85318572683004
hsa-miR-1206	954	954	954	954	952	809	221	4	0	0	5.55472163967074
hsa-miR-122	954	954	954	953	834	174	13	8	7	7	4.61072193287674
hsa-miR-1225-3p	954	954	954	951	887	484	73	4	0	0	5.02650283727082
hsa-miR-1226	954	954	954	954	850	257	9	0	0	0	4.67216290632809
hsa-miR-1227	954	952	937	845	479	79	6	1	0	0	3.95183813764813
hsa-miR-1228	953	950	913	720	222	13	0	0	0	0	3.45759289905116
hsa-miR-1231	953	947	934	822	375	54	0	0	0	0	3.78582395308882
hsa-miR-1233	953	944	889	620	106	1	0	0	0	0	3.19523492601878
hsa-miR-1236	954	950	939	812	279	12	1	0	0	0	3.63769828122117
hsa-miR-124	954	952	940	855	356	68	29	15	8	2	3.87720909513652
hsa-miR-1243	954	954	954	946	728	115	3	0	0	0	4.37787501109779
hsa-miR-1244	954	954	954	950	868	277	7	0	0	0	4.7147902166136
hsa-miR-1245	954	954	946	869	364	23	0	0	0	0	3.79877140727151
hsa-miR-1246	954	954	954	954	954	954	952	901	661	416	9.03414736970858
hsa-miR-1247	953	942	871	600	132	18	6	1	0	0	3.19374117460195
hsa-miR-1248	954	954	952	929	634	109	2	0	0	0	4.24633651836904
hsa-miR-1250	953	951	940	849	386	39	3	0	0	0	3.81014316271179
hsa-miR-1251	954	951	947	909	612	83	6	0	0	0	4.16371433305333
hsa-miR-1252	954	954	953	930	657	134	5	0	0	0	4.29284689588898
hsa-miR-1253	954	954	954	954	910	287	6	0	0	0	4.78653403078613
hsa-miR-1254	954	953	949	902	679	214	41	4	0	0	4.41419155406591
hsa-miR-1255a	954	952	947	894	527	82	2	0	0	0	4.08422976316987
hsa-miR-1256	954	949	924	722	188	4	0	0	0	0	3.41246627241197
hsa-miR-1257	954	952	927	772	196	6	0	0	0	0	3.49276144612884
hsa-miR-1258	951	910	787	394	34	0	0	0	0	0	2.71181589686053
hsa-miR-125a-3p	933	898	894	892	880	869	833	728	438	47	7.2787559235625
hsa-miR-125a-5p	954	954	954	952	931	872	823	796	775	718	9.79629865601134
hsa-miR-125b	954	954	954	950	917	814	739	670	579	469	8.81113399351429
hsa-miR-126	954	954	954	954	951	884	710	490	281	118	7.24388985735698
hsa-miR-1260	954	954	954	954	954	954	954	954	954	953	12.0125497046802
hsa-miR-1261	954	954	954	953	920	550	62	1	0	0	5.10198410369742
hsa-miR-1262	954	953	947	876	389	15	0	0	0	0	3.83472206679185
hsa-miR-1263	954	954	952	940	805	217	10	0	0	0	4.56676517658161
hsa-miR-1266	954	954	953	953	938	691	247	104	39	7	5.62304594390312
hsa-miR-1268	954	954	954	945	881	488	41	4	0	0	4.97918708483633
hsa-miR-1269	954	947	916	765	315	61	7	1	0	0	3.65775400603305
hsa-miR-127-3p	954	952	917	753	358	178	147	123	83	50	4.27404398872846
hsa-miR-127-5p	954	953	952	942	784	334	61	5	0	0	4.71538070280826
hsa-miR-1271	954	954	946	854	503	132	18	1	0	0	4.04396944625751
hsa-miR-1272	954	953	948	880	556	110	6	0	0	0	4.12549455114144
hsa-miR-1275	954	954	954	949	857	298	14	0	0	0	4.72228454429708
hsa-miR-1276	954	954	954	953	917	582	46	0	0	0	5.11915685626404
hsa-miR-1277	954	953	949	912	529	52	0	0	0	0	4.04271845929907
hsa-miR-1278	954	947	925	753	200	5	0	0	0	0	3.45737839304615
hsa-miR-1279	954	954	949	924	756	214	23	6	1	0	4.52823663552633
hsa-miR-128	954	954	954	954	954	954	928	810	516	241	8.21470017980247
hsa-miR-1281	953	953	938	824	431	71	6	1	1	0	3.87771477322566
hsa-miR-1282	954	954	954	947	838	323	11	0	0	0	4.70692453657684
hsa-miR-1283	530	85	47	45	36	32	30	21	12	11	0.41485383111613
hsa-miR-1284	954	947	921	700	167	3	0	0	0	0	3.36539146817574
hsa-miR-1285	954	954	954	944	804	182	6	0	0	0	4.53248839889331
hsa-miR-1286	954	954	954	949	880	350	21	0	0	0	4.8136097976166
hsa-miR-1287	954	954	953	943	826	369	43	0	0	0	4.77003753042525
hsa-miR-1288	951	943	901	668	166	5	0	0	0	0	3.30681358137521
hsa-miR-1289	954	952	946	845	386	45	1	0	0	0	3.82183946397892
hsa-miR-129-3p	950	926	826	552	251	141	71	31	12	9	3.4668101850668
hsa-miR-129-5p	954	954	947	910	678	228	42	15	6	4	4.46053325525649
hsa-miR-1290	954	953	950	930	786	444	145	41	14	2	4.97417331852033
hsa-miR-1291	954	954	951	940	792	201	11	0	0	0	4.52013320855099
hsa-miR-1292	954	954	951	925	674	236	34	4	0	0	4.45314647388157
hsa-miR-1293	952	910	760	363	59	2	0	0	0	0	2.6858033244238
hsa-miR-1294	954	954	946	900	494	47	1	0	0	0	4.01553868921782
hsa-miR-1296	954	952	931	763	318	42	1	0	0	0	3.62885522246739
hsa-miR-1297	954	954	954	954	954	950	887	643	208	21	7.34369987445637
hsa-miR-1298	954	954	947	876	492	54	0	0	0	0	3.98452068759628
hsa-miR-1299	954	954	954	940	803	317	60	9	0	0	4.7213938772436
hsa-miR-1301	954	954	952	913	545	66	1	0	0	0	4.08833102142947
hsa-miR-1302	953	953	951	930	863	633	341	118	23	3	5.53884001756078
hsa-miR-1303	954	952	933	756	245	7	0	0	0	0	3.53929398157329
hsa-miR-1305	954	954	954	954	954	890	409	77	17	5	5.95198834253321
hsa-miR-1306	947	879	620	152	3	0	0	0	0	0	2.23993494594274
hsa-miR-1307	954	954	954	952	903	562	100	7	1	0	5.1460620078777
hsa-miR-130a	954	954	939	858	720	658	584	439	249	96	6.2971743097817
hsa-miR-130b	954	954	954	954	954	954	941	844	561	257	8.37879248055697
hsa-miR-132	910	884	881	871	855	822	763	608	331	109	6.92398579546646
hsa-miR-1321	954	948	925	768	237	17	0	0	0	0	3.52080595353798
hsa-miR-1322	954	954	950	909	577	96	1	0	0	0	4.1500808073144
hsa-miR-1323	954	954	947	861	330	33	10	7	6	3	3.80361739628498
hsa-miR-133a	954	954	954	948	726	148	15	4	2	1	4.44275563133996
hsa-miR-133b	954	954	951	935	896	826	131	5	3	3	5.43128444838519
hsa-miR-134	954	954	954	954	948	741	58	0	0	0	5.31717990987575
hsa-miR-135a	951	940	886	672	312	156	95	66	43	29	3.87470193206017
hsa-miR-135b	954	954	946	916	784	660	577	510	405	285	7.13086988130168
hsa-miR-136	954	954	953	941	862	644	445	281	137	56	6.05115302191179
hsa-miR-137	954	954	954	954	953	882	503	334	256	184	6.961334188725
hsa-miR-138	954	954	951	918	702	369	217	98	31	6	4.95495779483872
hsa-miR-139-5p	954	938	893	626	163	52	31	13	5	2	3.3572105470198
hsa-miR-140-3p	954	952	951	925	692	267	48	6	1	0	4.54707804774479
hsa-miR-140-5p	954	954	954	954	954	946	865	642	353	108	7.59946223129959
hsa-miR-141	954	954	952	924	710	453	399	381	355	324	6.73757533709158
hsa-miR-142-3p	954	954	950	904	569	272	226	201	176	168	5.55773319086083
hsa-miR-142-5p	642	337	312	299	273	247	210	177	162	153	2.79555155864795
hsa-miR-143	953	953	943	822	430	211	152	122	104	75	4.62627290387596
hsa-miR-144	954	954	946	847	364	34	15	11	10	8	3.85333053746012
hsa-miR-145	954	954	953	950	863	414	237	184	139	100	5.72441249816089
hsa-miR-1469	954	953	950	882	675	369	125	33	8	1	4.69016420399787
hsa-miR-146a	954	954	954	954	954	948	823	446	318	238	7.7582380210127
hsa-miR-146b-3p	954	954	951	902	490	54	0	0	0	0	4.00143406842185
hsa-miR-146b-5p	954	954	953	945	751	218	57	28	8	3	4.61237725133833
hsa-miR-147	954	954	953	937	767	192	5	0	0	0	4.49472181556183
hsa-miR-1470	953	930	873	572	126	9	0	0	0	0	3.1360485067465
hsa-miR-147b	954	952	931	821	412	140	59	13	0	0	3.97661795485407
hsa-miR-148a	954	954	954	954	942	872	785	682	565	407	8.40651832830755
hsa-miR-148b	954	954	954	954	954	954	951	915	691	341	8.66844304253599
hsa-miR-149	954	953	939	863	682	475	297	140	44	12	5.13416263792705
hsa-miR-150	954	953	951	920	670	278	123	81	55	35	4.80238116327532
hsa-miR-151-3p	953	953	946	924	877	845	774	597	268	66	7.06349559570593
hsa-miR-151-5p	953	951	942	912	880	863	816	700	486	222	7.70706289861997
hsa-miR-152	953	952	943	885	709	461	277	119	46	9	5.1019525855712
hsa-miR-153	954	949	923	762	266	17	5	0	0	0	3.54266006805183
hsa-miR-1537	954	954	954	954	954	951	809	203	24	5	6.58800424441512
hsa-miR-1538	954	950	934	757	194	3	0	0	0	0	3.48821261319941
hsa-miR-1539	953	943	912	702	152	3	1	0	0	0	3.33916606858196
hsa-miR-154	954	954	954	943	743	245	103	52	20	3	4.69767630188232
hsa-miR-155	954	954	954	954	954	945	741	445	261	127	7.27983287980171
hsa-miR-15a	954	954	954	954	954	953	950	945	936	878	10.8039132632373
hsa-miR-15b	954	954	954	954	954	954	954	950	933	864	10.8302172569536
hsa-miR-16	954	954	954	954	954	954	954	953	951	951	13.2146668351892
hsa-miR-181a	954	954	954	954	954	954	953	928	874	746	10.1737375160972
hsa-miR-181b+hsa-miR-181d	954	954	954	954	954	947	852	596	271	84	7.40478793399225
hsa-miR-181c	954	954	954	952	875	518	180	54	14	4	5.22190763990143
hsa-miR-1825	954	954	954	947	769	167	9	0	0	0	4.4711456967496
hsa-miR-1827	954	948	931	766	236	14	0	0	0	0	3.53572322343214
hsa-miR-183	954	954	954	954	937	836	731	596	384	187	7.47302637540881
hsa-miR-184	954	952	941	834	408	59	4	4	3	1	3.85440922523495
hsa-miR-185	954	954	954	954	952	925	809	536	191	47	7.14725061112816
hsa-miR-186	954	954	954	954	954	947	902	753	463	186	7.96192860938675
hsa-miR-187	954	954	954	952	921	431	38	4	1	0	4.94581703951394
hsa-miR-188-3p	954	954	953	953	936	793	354	157	78	33	5.97762714646915
hsa-miR-188-5p	954	954	954	954	954	952	622	13	0	0	6.14677686726166
hsa-miR-18a	954	954	954	954	954	950	929	862	725	504	9.08284136178268
hsa-miR-18b	954	954	954	954	946	897	767	538	273	114	7.23910085747954
hsa-miR-190	954	950	930	764	220	11	0	0	0	0	3.49874581606363
hsa-miR-1908	954	954	951	942	847	421	91	15	3	0	4.92750527436835
hsa-miR-1909	954	950	918	706	176	7	0	0	0	0	3.3949211966869
hsa-miR-190b	954	954	951	937	838	569	285	116	44	12	5.44639698759427
hsa-miR-191	954	954	954	954	954	954	949	902	766	538	9.25590810325096
hsa-miR-1910	954	954	950	923	819	204	1	0	0	0	4.55352495814122
hsa-miR-1911	953	953	951	933	662	128	3	0	0	0	4.29698461050679
hsa-miR-1912	954	954	954	954	933	553	83	3	0	0	5.14494576257933
hsa-miR-1913	954	953	951	937	727	120	2	0	0	0	4.36304946222401
hsa-miR-1914	954	953	946	896	653	137	3	0	0	0	4.26610837984438
hsa-miR-1915	954	954	951	921	623	124	15	1	0	0	4.27170352795335
hsa-miR-192	801	715	706	698	678	641	568	422	254	109	5.55784754779742
hsa-miR-193a-3p	526	49	6	6	4	3	2	1	0	0	0.142429403928935
hsa-miR-193a-5p	953	950	938	888	710	508	320	144	30	6	5.20136182755401
hsa-miR-193b	954	954	954	954	954	951	941	912	880	783	10.1493402658667
hsa-miR-194	954	954	954	951	921	733	471	254	160	122	6.58726922450114
hsa-miR-195	954	954	954	950	929	668	231	75	28	11	5.54791373792385
hsa-miR-196a	953	949	949	948	947	945	938	911	829	624	9.30851058462665
hsa-miR-196b	954	954	951	912	722	579	454	319	181	99	5.960474964036
hsa-miR-197	954	954	954	954	954	940	877	731	374	125	7.69940671754528
hsa-miR-1973	954	954	954	952	918	671	244	66	18	6	5.50149832559081
hsa-miR-1976	953	927	805	466	106	19	2	1	0	0	2.93238304418496
hsa-miR-198	952	930	862	557	70	0	0	0	0	0	3.02924623382679
hsa-miR-199a-3p+hsa-miR-199b-3p	954	954	953	943	745	312	211	176	147	122	5.55366428961216
hsa-miR-199a-5p	954	954	944	888	509	174	143	129	116	105	4.83517209831539
hsa-miR-199b-5p	954	954	953	938	743	305	182	134	94	52	5.09263622917922
hsa-miR-19a	954	954	954	954	952	947	933	909	828	648	9.59812441466356
hsa-miR-19b	954	954	954	954	954	954	954	952	948	933	12.2734876278295
hsa-miR-200a	954	954	954	954	954	939	830	596	410	274	7.97321698087972
hsa-miR-200b	954	954	954	951	879	589	475	448	418	389	7.62882851121773
hsa-miR-200c	953	951	948	939	883	622	452	410	396	388	7.9107848820776
hsa-miR-202	954	953	947	898	505	61	2	0	0	0	4.03292697130556
hsa-miR-203	954	954	954	952	896	620	401	318	251	189	6.58718780497762
hsa-miR-204	953	948	935	840	502	179	98	62	38	18	4.29635047434745
hsa-miR-205	954	954	953	944	785	378	280	251	224	210	6.6167548207025
hsa-miR-2052	951	936	882	585	87	1	0	0	0	0	3.09408640926196
hsa-miR-2053	953	941	916	749	268	36	0	0	0	0	3.54299156442703
hsa-miR-2054	954	954	952	931	689	130	6	0	0	0	4.33479377635102
hsa-miR-206	848	680	642	607	514	358	149	16	7	5	3.5309237931389
hsa-miR-208a	954	954	954	954	947	841	320	48	3	1	5.76806290602014
hsa-miR-208b	954	954	954	937	736	213	15	1	1	0	4.49502899678221
hsa-miR-20a+hsa-miR-20b	951	948	948	948	948	948	948	947	939	935	13.1454055031876
hsa-miR-21	954	954	954	954	953	953	953	934	901	841	11.5186553999174
hsa-miR-210	954	954	954	954	945	905	788	579	363	159	7.47309115190355
hsa-miR-211	954	944	898	682	214	45	22	17	14	8	3.47784035106229
hsa-miR-2110	952	947	916	675	116	2	0	0	0	0	3.28664743136862
hsa-miR-2113	954	954	954	901	421	31	7	2	1	1	3.91960448552097
hsa-miR-2114	954	954	953	943	720	94	1	0	0	0	4.33498394668977
hsa-miR-2115	954	952	944	886	603	166	17	3	0	0	4.22932226421804
hsa-miR-2116	954	953	949	878	392	16	0	0	0	0	3.84585511182008
hsa-miR-2117	954	954	954	952	911	677	259	60	19	3	5.50705787385777
hsa-miR-212	950	912	803	456	65	4	0	0	0	0	2.84729419944936
hsa-miR-214	954	954	952	939	821	416	224	132	81	39	5.30721156889137
hsa-miR-215	954	954	954	954	942	698	236	95	66	41	5.7105509202426
hsa-miR-216a	954	954	954	950	891	766	651	531	401	296	7.46367886206722
hsa-miR-217	952	948	917	708	223	43	30	21	19	12	3.56545020539104
hsa-miR-218	954	954	951	943	819	492	296	177	99	58	5.58484111627187
hsa-miR-219-1-3p	953	951	937	811	305	11	0	0	0	0	3.65455204796913
hsa-miR-219-2-3p	954	950	942	858	509	235	80	13	1	0	4.26025134940299
hsa-miR-219-5p	954	954	952	916	630	155	19	2	0	0	4.31351342727685
hsa-miR-22	954	954	954	954	951	921	838	744	582	336	8.24691906976383
hsa-miR-221	954	954	954	953	942	895	863	837	805	737	10.4003108649131
hsa-miR-222	954	954	954	954	935	891	850	813	734	565	9.09212965270166
hsa-miR-223	558	175	135	129	122	107	81	63	61	55	1.27985132860199
hsa-miR-224	954	954	953	940	796	447	203	73	20	6	5.1103441454881
hsa-miR-2276	953	952	919	736	268	38	1	0	0	0	3.55919795271271
hsa-miR-2277	946	903	753	312	19	0	0	0	0	0	2.57271123128659
hsa-miR-2278	954	953	947	924	773	406	30	0	0	0	4.73313342536093
hsa-miR-23a	954	954	954	954	953	948	934	904	856	795	10.4247967857726
hsa-miR-23b	954	954	954	954	952	935	860	732	579	387	8.437057938134
hsa-miR-24	954	954	954	954	954	953	951	941	919	883	11.9306249257234
hsa-miR-25	954	954	954	954	954	954	954	954	925	831	10.5522099763226
hsa-miR-26a	954	954	954	954	954	954	954	954	954	953	12.3482696067415
hsa-miR-26b	954	954	954	954	954	951	933	789	476	195	8.06622708357091
hsa-miR-27a	954	954	954	952	947	934	907	878	831	767	10.5339836148283
hsa-miR-27b	859	797	793	793	792	791	786	779	764	733	9.37409106970994
hsa-miR-28-3p	954	953	947	912	746	285	44	3	0	0	4.56822164585902
hsa-miR-28-5p	953	940	919	813	476	130	10	3	0	0	3.94659343872254
hsa-miR-296-3p	945	863	656	240	11	0	0	0	0	0	2.34173311473155
hsa-miR-296-5p	954	954	954	954	949	867	649	501	352	179	7.25953153787024
hsa-miR-297	953	937	842	473	54	0	0	0	0	0	2.90877698427834
hsa-miR-298	954	950	929	818	320	8	0	0	0	0	3.69783579444826
hsa-miR-299-3p	954	952	941	834	328	53	12	3	0	0	3.76874402487604
hsa-miR-299-5p	954	946	914	698	248	98	58	20	2	0	3.62473283676441
hsa-miR-29a	954	954	954	954	953	953	952	947	940	923	12.5622270761972
hsa-miR-29b	954	954	953	951	940	907	847	760	641	470	8.77199948144712
hsa-miR-29c	954	954	954	954	953	938	895	751	514	267	8.19082141729185
hsa-miR-300	954	954	954	954	949	699	40	1	0	0	5.24196078608366
hsa-miR-301a	954	954	954	954	954	954	944	781	500	246	8.23986750690069
hsa-miR-301b	954	954	954	954	946	875	502	183	76	20	6.21719419735409
hsa-miR-302a	954	953	946	870	356	35	19	15	7	3	3.85207291809294
hsa-miR-302b	954	954	953	924	579	72	16	10	4	2	4.17803250273307
hsa-miR-302c	954	954	950	912	632	184	14	1	1	1	4.33162693275172
hsa-miR-302d	954	953	946	826	346	58	21	10	4	1	3.82009738471429
hsa-miR-302e	954	953	953	947	879	592	209	46	5	0	5.30540930616423
hsa-miR-302f	954	954	954	945	816	331	27	3	0	0	4.7343683056902
hsa-miR-30a	954	954	954	954	954	947	828	518	271	118	7.36350827539624
hsa-miR-30b	954	954	954	954	954	954	954	953	947	940	11.8149801306995
hsa-miR-30c	954	954	954	954	954	954	954	952	925	740	9.93611290610892
hsa-miR-30d	954	954	954	954	953	937	863	668	377	172	7.73219889241473
hsa-miR-30e	954	954	954	954	949	931	851	644	365	148	7.63051537783124
hsa-miR-31	954	954	954	954	951	805	573	505	428	328	7.58914047922848
hsa-miR-32	954	954	954	954	954	954	940	742	454	164	7.94978321223787
hsa-miR-320a	954	954	954	954	950	872	519	130	17	1	6.1072420274281
hsa-miR-320b	954	954	951	947	876	562	149	25	1	0	5.17227120937719
hsa-miR-320c	951	948	946	946	946	945	943	939	930	914	10.6541928336449
hsa-miR-320d	954	948	913	762	279	17	0	0	0	0	3.5550061180227
hsa-miR-323-3p	951	949	915	719	251	55	18	8	4	1	3.57344951874837
hsa-miR-323-5p	954	951	950	941	628	82	0	0	0	0	4.23593850845616
hsa-miR-324-3p	954	954	954	954	952	864	422	94	16	3	5.95139113704579
hsa-miR-324-5p	954	954	954	954	952	938	894	741	442	185	7.90582022949609
hsa-miR-326	954	954	954	953	897	366	31	2	0	0	4.86020720424813
hsa-miR-328	954	954	953	949	889	547	151	18	1	1	5.19215616818424
hsa-miR-329	954	952	944	892	631	281	111	44	16	6	4.55952480826209
hsa-miR-330-3p	954	954	951	916	619	159	16	2	0	0	4.29101626783154
hsa-miR-330-5p	954	954	954	954	932	861	584	73	2	0	6.07348405967326
hsa-miR-331-3p	954	954	954	954	953	951	945	876	614	263	8.41940729989146
hsa-miR-331-5p	952	945	921	742	269	16	1	0	0	0	3.52770481192677
hsa-miR-335	954	954	954	951	891	688	551	344	184	82	6.4645753679865
hsa-miR-337-3p	953	951	931	768	289	159	129	88	57	20	4.04951277206528
hsa-miR-337-5p	954	954	954	951	911	573	162	68	27	3	5.33763912428496
hsa-miR-338-5p	953	944	899	635	96	1	0	0	0	0	3.19292557445611
hsa-miR-339-3p	954	954	948	928	754	276	39	6	0	0	4.59567166913802
hsa-miR-339-5p	954	954	954	941	859	502	152	17	1	0	5.09212607793153
hsa-miR-33a	954	954	946	868	423	25	0	0	0	0	3.88810699231959
hsa-miR-33b	954	954	954	951	901	454	58	2	0	0	4.98772715685494
hsa-miR-340	954	954	954	954	945	860	761	607	358	175	7.45537641763052
hsa-miR-342-3p	954	954	954	954	954	884	708	459	257	119	7.13434650278037
hsa-miR-342-5p	954	954	952	930	570	66	1	0	0	0	4.13721511546113
hsa-miR-345	954	954	954	953	948	888	714	397	170	64	6.83970366771514
hsa-miR-346	954	954	951	915	668	215	32	2	0	0	4.40490491485187
hsa-miR-34a	954	954	954	952	934	816	638	532	401	260	7.40664436297331
hsa-miR-34b	954	954	954	954	954	896	203	1	0	0	5.652284059313
hsa-miR-34c-3p	954	953	951	926	659	172	25	7	0	0	4.34785712361196
hsa-miR-34c-5p	954	954	954	954	923	591	291	126	41	17	5.58601827237845
hsa-miR-361-3p	954	954	954	954	942	765	312	63	4	1	5.68745383940097
hsa-miR-361-5p	954	954	954	954	952	948	939	892	721	367	8.67860394092125
hsa-miR-362-3p	954	954	954	948	902	682	351	136	40	11	5.72545936216771
hsa-miR-362-5p	954	954	953	951	933	775	395	126	34	6	5.87962189858672
hsa-miR-363	954	954	954	954	954	898	341	202	124	79	6.30655429282007
hsa-miR-365	954	954	953	946	901	807	638	384	169	46	6.57839236256223
hsa-miR-367	953	953	945	893	480	56	7	3	1	1	3.98639008494276
hsa-miR-369-3p	954	954	953	949	872	412	169	128	82	49	5.31809878824637
hsa-miR-369-5p	954	952	949	872	558	143	13	0	0	0	4.16999621872072
hsa-miR-370	954	950	939	836	529	221	111	58	15	7	4.34318510595711
hsa-miR-371-3p	954	952	945	863	475	83	15	9	7	7	4.02869298727952
hsa-miR-371-5p	954	954	943	848	366	42	12	7	6	5	3.82173125081587
hsa-miR-372	954	951	938	851	427	80	19	14	10	8	3.99496684405429
hsa-miR-373	954	954	952	945	684	71	21	14	11	7	4.34665183565751
hsa-miR-374a	954	954	954	953	951	948	938	882	729	433	8.81344129018027
hsa-miR-374b	954	954	954	954	954	953	951	919	801	450	8.98837061295723
hsa-miR-375	954	953	953	916	703	377	254	193	154	126	5.76602257882731
hsa-miR-376a	954	954	954	953	931	633	214	159	126	86	5.81348937077714
hsa-miR-376b	954	954	954	948	814	306	142	99	55	21	4.98728562660333
hsa-miR-376c	954	954	954	953	901	466	244	187	150	119	5.80846098776378
hsa-miR-377	954	954	954	949	764	314	178	142	110	78	5.20361610404832
hsa-miR-378	954	954	954	953	945	901	765	481	197	38	6.98431918661983
hsa-miR-379	954	954	954	954	913	645	294	105	53	12	5.62131423228251
hsa-miR-380	954	954	948	886	459	48	0	0	0	0	3.95684768117862
hsa-miR-381	953	946	920	727	256	142	90	48	20	8	3.80932864047633
hsa-miR-382	951	920	811	469	184	116	74	27	10	2	3.22905384748907
hsa-miR-383	954	954	953	948	849	479	124	8	2	1	5.03667901306942
hsa-miR-384	954	954	952	938	570	48	0	0	0	0	4.1298907750803
hsa-miR-409-3p	954	953	944	849	424	147	71	31	5	0	4.10408452205784
hsa-miR-409-5p	954	954	954	944	743	212	54	16	2	0	4.5520436307067
hsa-miR-410	954	954	954	951	834	350	152	83	39	19	5.05822518099898
hsa-miR-412	953	951	927	761	247	6	0	0	0	0	3.53190968066082
hsa-miR-421	954	954	954	954	953	929	642	217	48	4	6.4260471471033
hsa-miR-422a	954	954	954	952	942	824	379	18	0	0	5.74388461191953
hsa-miR-423-3p	954	954	954	954	954	954	953	951	914	721	9.53536641708004
hsa-miR-423-5p	954	954	954	954	954	954	954	938	818	454	8.91634732866012
hsa-miR-424	954	954	954	954	951	860	556	269	98	36	6.41251179348244
hsa-miR-425	954	954	954	954	953	948	890	744	485	223	8.05240705038035
hsa-miR-429	954	954	953	946	840	556	424	382	306	216	6.55009787147955
hsa-miR-431	954	953	949	918	600	209	101	59	27	14	4.51538094979884
hsa-miR-432	954	954	950	913	617	206	77	24	6	3	4.44202530509898
hsa-miR-433	954	948	940	825	451	131	56	23	9	5	4.04833713532153
hsa-miR-448	948	911	781	376	39	1	0	0	0	0	2.71891762247369
hsa-miR-449a	954	953	950	935	680	151	42	17	7	4	4.41400571094068
hsa-miR-449b	954	953	949	869	349	15	0	0	0	0	3.7687380290611
hsa-miR-449c	937	830	629	228	12	2	0	0	0	0	2.26050208093206
hsa-miR-450a	954	954	954	944	864	722	518	297	118	36	6.18517663327041
hsa-miR-450b-3p	954	952	923	738	166	1	0	0	0	0	3.41806758471617
hsa-miR-450b-5p	954	954	954	954	926	650	159	6	2	0	5.3117150569256
hsa-miR-451	954	953	950	912	588	68	19	14	12	9	4.19331485377449
hsa-miR-452	954	954	954	950	865	513	186	62	13	2	5.22217731874787
hsa-miR-453	954	954	954	954	904	337	8	0	0	0	4.83050412134543
hsa-miR-454	954	954	954	953	946	894	682	333	116	36	6.66316068979117
hsa-miR-455-3p	954	954	950	929	816	640	501	305	142	38	6.03613248963238
hsa-miR-455-5p	954	952	944	916	787	541	260	80	17	7	5.21117032657936
hsa-miR-483-3p	954	946	911	745	272	63	38	27	17	12	3.69083505252858
hsa-miR-483-5p	954	952	947	852	320	27	3	1	0	0	3.74658894675367
hsa-miR-484	954	954	954	954	953	951	948	913	799	494	9.05447933593698
hsa-miR-485-3p	942	931	929	929	928	924	916	894	852	717	9.29782532076015
hsa-miR-485-5p	954	953	950	897	551	66	4	0	0	0	4.08153975560013
hsa-miR-486-3p	954	954	951	924	745	307	95	27	14	2	4.69316989664431
hsa-miR-487a	954	952	946	870	463	164	102	64	25	8	4.29298796458224
hsa-miR-487b	954	954	946	900	585	231	151	111	71	27	4.68955481875695
hsa-miR-488	954	948	924	709	201	49	20	3	0	0	3.48139851867638
hsa-miR-489	954	951	933	765	195	20	5	2	1	1	3.50700441699219
hsa-miR-490-3p	954	954	954	954	952	940	888	770	522	218	8.05069052059334
hsa-miR-490-5p	954	954	952	931	793	328	103	35	19	1	4.80244611284791
hsa-miR-491-3p	954	954	949	903	529	60	2	0	0	0	4.0574530411088
hsa-miR-491-5p	954	952	936	779	290	15	0	0	0	0	3.6386344194895
hsa-miR-492	954	948	932	807	422	103	4	0	0	0	3.86856712804748
hsa-miR-493	954	954	954	954	952	865	391	67	4	2	5.91016678219543
hsa-miR-494	934	917	914	912	912	910	896	870	803	631	9.02185060752354
hsa-miR-495	954	954	954	953	938	589	181	126	85	46	5.56037865296911
hsa-miR-496	954	954	954	954	954	954	906	412	12	0	6.87790394028266
hsa-miR-497	953	950	938	871	614	354	176	88	41	21	4.7495087335444
hsa-miR-498	954	950	930	772	245	31	11	9	4	4	3.57864769408601
hsa-miR-499-3p	954	952	939	828	324	9	0	0	0	0	3.69387034135848
hsa-miR-499-5p	954	954	954	939	701	178	34	17	8	4	4.48628156922695
hsa-miR-500+hsa-miR-501-5p	954	954	954	954	919	577	168	36	7	0	5.30746444733594
hsa-miR-501-3p	954	954	953	947	886	634	238	54	15	2	5.40919775594188
hsa-miR-503	954	954	941	917	805	495	154	33	6	0	4.99877871566175
hsa-miR-504	954	951	945	908	686	236	29	5	0	0	4.41869932324482
hsa-miR-505	954	951	948	907	707	337	100	18	0	0	4.66457062189414
hsa-miR-506	953	952	937	870	545	93	19	3	1	0	4.07552671062909
hsa-miR-507	954	954	949	895	553	82	28	11	4	0	4.14236012656034
hsa-miR-508-3p	953	949	933	810	452	104	34	13	4	1	3.95134126150191
hsa-miR-508-5p	954	953	953	938	790	414	131	29	11	2	4.91506884633226
hsa-miR-509-3-5p	947	916	805	400	70	35	19	4	3	0	2.84740000915239
hsa-miR-509-3p	954	954	954	954	942	888	801	654	366	112	7.46093873940534
hsa-miR-509-5p	954	954	951	922	614	161	35	6	1	0	4.32435039730763
hsa-miR-510	953	950	921	786	378	64	3	0	0	0	3.73665192547518
hsa-miR-511	952	935	863	517	72	0	0	0	0	0	3.01679952673812
hsa-miR-512-3p	953	938	869	501	74	9	4	2	0	0	3.02556487478907
hsa-miR-512-5p	954	953	950	918	561	103	29	16	13	9	4.2301165096172
hsa-miR-513a-3p	954	954	952	911	657	216	17	1	0	0	4.3769529299594
hsa-miR-513a-5p	948	928	891	770	335	23	1	0	0	0	3.58543933636304
hsa-miR-513b	954	940	898	694	296	112	55	31	9	4	3.6961830301207
hsa-miR-514	954	954	954	954	951	681	98	47	31	16	5.41066514972432
hsa-miR-515-3p	954	952	946	857	441	53	15	8	7	6	3.94876700820159
hsa-miR-515-5p	953	952	948	895	550	93	20	11	7	6	4.16677248252088
hsa-miR-516a-3p	954	954	954	954	954	886	350	8	2	0	5.81160453570145
hsa-miR-516a-5p	953	949	941	857	460	40	12	7	5	2	3.90429783367926
hsa-miR-516b	949	940	911	718	230	23	10	5	3	2	3.47459431621386
hsa-miR-517a	954	952	942	853	390	53	26	16	11	8	3.92311244493071
hsa-miR-517b	947	908	763	354	71	22	8	2	1	1	2.73451143398683
hsa-miR-517c+hsa-miR-519a	954	954	954	952	941	579	137	71	49	33	5.45431098783951
hsa-miR-518b	954	954	954	935	708	124	16	8	6	5	4.38420833824501
hsa-miR-518c	953	933	886	661	173	19	14	10	8	7	3.33110975864158
hsa-miR-518d-3p	954	953	953	947	774	128	3	0	0	0	4.40888769917364
hsa-miR-518e	954	954	950	917	636	113	7	4	2	1	4.27120951252161
hsa-miR-518f	540	240	223	213	186	140	62	8	2	2	1.20434821917774
hsa-miR-519b-3p	954	954	954	948	784	144	19	11	9	6	4.53153026947087
hsa-miR-519c-3p	952	923	833	483	59	8	3	1	0	0	2.90646870878703
hsa-miR-519d	954	947	917	685	172	14	5	3	2	2	3.38391963772968
hsa-miR-519e	953	952	943	877	522	99	7	2	1	0	4.06595550669419
hsa-miR-520a-3p	954	954	953	940	775	317	66	14	1	0	4.71342426411015
hsa-miR-520a-5p	954	954	946	908	624	159	38	15	9	7	4.32067735921153
hsa-miR-520b	954	953	950	890	482	74	11	2	2	1	4.03088195195434
hsa-miR-520c-3p	954	954	953	947	783	220	37	15	10	7	4.64503351482852
hsa-miR-520d-3p	951	948	915	738	256	42	11	4	1	1	3.53934066601324
hsa-miR-520d-5p+hsa-miR-527+hsa-miR-518a-5p	954	954	954	954	954	954	922	334	8	4	6.84220208921176
hsa-miR-520e	954	954	954	954	949	906	688	382	77	2	6.63652810211776
hsa-miR-520f	954	954	951	936	702	142	16	8	4	3	4.38971629758714
hsa-miR-520g	953	952	942	880	533	88	19	10	9	6	4.11396803843128
hsa-miR-521	953	940	889	640	198	67	40	26	17	9	3.46581503249351
hsa-miR-522	954	954	953	926	561	118	53	28	19	12	4.3080565283222
hsa-miR-523	948	927	856	518	78	6	3	0	0	0	2.98571823179097
hsa-miR-524-3p	954	945	900	639	159	17	2	2	0	0	3.28077230966343
hsa-miR-525-3p	954	954	950	930	638	96	6	5	2	2	4.25223416640037
hsa-miR-525-5p	954	954	953	944	829	237	24	14	9	5	4.66711076416264
hsa-miR-526a+hsa-miR-518d-5p+hsa-miR-520c-5p	954	954	954	954	954	945	805	404	111	17	6.90381084781741
hsa-miR-526b	954	954	953	951	906	635	176	16	8	4	5.32223384315052
hsa-miR-532-3p	954	953	952	941	911	765	485	225	68	21	6.07763315446232
hsa-miR-532-5p	954	952	948	929	814	530	266	88	25	5	5.2812224341142
hsa-miR-539	954	954	954	954	954	954	901	347	9	0	6.81538393962246
hsa-miR-541	951	948	911	680	164	4	0	0	0	0	3.32426991633565
hsa-miR-542-3p	954	954	954	954	954	844	285	80	5	1	5.76803194770634
hsa-miR-542-5p	954	954	954	954	935	699	134	10	0	0	5.36027406948456
hsa-miR-543	954	950	938	837	424	179	139	98	50	17	4.30545725970752
hsa-miR-544	953	950	949	949	947	947	946	946	944	936	11.9115265223998
hsa-miR-545	954	954	948	916	634	176	42	7	3	0	4.35385323630144
hsa-miR-548a-3p	954	954	954	954	953	699	135	10	0	0	5.39587913366465
hsa-miR-548a-5p	954	954	954	954	954	953	933	685	225	5	7.44311590397838
hsa-miR-548b-3p	953	953	952	927	694	183	11	1	0	0	4.3869064333446
hsa-miR-548b-5p	954	949	913	642	132	13	0	0	0	0	3.26641558694741
hsa-miR-548c-5p	952	935	882	655	162	13	0	0	0	0	3.26980723516506
hsa-miR-548d-3p	954	954	954	948	848	229	17	2	0	0	4.64417711189747
hsa-miR-548d-5p	954	954	954	954	953	892	149	8	2	0	5.61020637305887
hsa-miR-548e	954	952	937	835	435	68	3	0	0	0	3.88987519631794
hsa-miR-548f	953	952	950	904	648	154	8	0	0	0	4.28107103062618
hsa-miR-548g	954	954	954	954	954	947	644	259	154	124	6.91716321809291
hsa-miR-548h	954	954	954	954	916	472	57	7	1	0	5.0221042965173
hsa-miR-548i	954	954	954	954	954	954	847	139	0	0	6.53324085465443
hsa-miR-548j	954	954	951	906	552	143	47	12	3	0	4.23628986869388
hsa-miR-548k	954	954	954	944	755	146	7	3	0	0	4.42954884368869
hsa-miR-548l	954	954	953	946	729	123	6	0	0	0	4.3912000755738
hsa-miR-548m	954	954	954	952	892	386	28	0	0	0	4.85977747368702
hsa-miR-548o	954	953	951	918	644	133	4	0	0	0	4.27453602541418
hsa-miR-548p	954	949	918	713	211	24	3	1	0	0	3.45916642837995
hsa-miR-548q	953	939	869	554	97	1	0	0	0	0	3.08285198908998
hsa-miR-549	954	952	944	813	226	7	0	0	0	0	3.60671606221968
hsa-miR-550	952	928	858	571	91	1	0	0	0	0	3.06272693798175
hsa-miR-551a	954	952	943	907	624	170	19	0	0	0	4.27304774198507
hsa-miR-551b	954	954	949	916	694	294	126	54	26	7	4.71632585237821
hsa-miR-553	954	952	938	838	401	61	3	0	0	0	3.85875150018842
hsa-miR-554	953	946	915	763	302	32	0	0	0	0	3.5852112549211
hsa-miR-555	954	954	953	927	664	139	3	0	0	0	4.3099061092472
hsa-miR-556-3p	954	946	918	714	205	9	0	0	0	0	3.44528173353864
hsa-miR-556-5p	954	954	953	938	757	174	3	0	0	0	4.45517049579584
hsa-miR-557	954	951	935	787	253	9	0	0	0	0	3.58422726638631
hsa-miR-558	954	950	937	864	363	9	0	0	0	0	3.75406059393674
hsa-miR-559	954	943	920	739	220	6	0	0	0	0	3.4629094366707
hsa-miR-561	954	954	954	954	954	953	868	176	0	0	6.58845076292102
hsa-miR-562	954	954	954	952	870	209	2	0	0	0	4.64246501584211
hsa-miR-563	954	943	904	675	142	0	0	0	0	0	3.29637987309657
hsa-miR-564	952	925	822	432	40	0	0	0	0	0	2.81747744041835
hsa-miR-566	954	954	954	953	930	413	25	0	0	0	4.94692359125587
hsa-miR-567	952	933	853	483	56	4	0	0	0	0	2.92755551930352
hsa-miR-568	953	943	871	558	94	0	0	0	0	0	3.0664738522283
hsa-miR-569	954	954	954	954	950	854	400	28	3	1	5.83885078597769
hsa-miR-570	954	954	954	954	952	843	214	3	0	0	5.60106749560004
hsa-miR-571	954	954	939	837	365	32	1	1	0	0	3.76471445785752
hsa-miR-572	954	954	954	954	919	430	21	0	0	0	4.94286020932338
hsa-miR-573	954	953	952	883	508	113	9	1	1	0	4.08939056800988
hsa-miR-574-3p	954	953	950	931	875	828	756	606	371	149	7.25179177149552
hsa-miR-574-5p	954	954	953	947	899	757	487	185	26	1	5.96386300798333
hsa-miR-576-3p	954	954	952	927	615	48	0	0	0	0	4.16082444469233
hsa-miR-576-5p	954	954	952	924	630	113	13	2	0	0	4.28463883410771
hsa-miR-577	954	954	954	947	886	426	96	19	4	0	4.96278713097599
hsa-miR-578	954	954	952	905	502	39	0	0	0	0	4.0024430295466
hsa-miR-579	908	878	870	861	844	806	733	544	254	34	6.56796383901891
hsa-miR-580	954	954	954	950	805	117	0	0	0	0	4.4620534019993
hsa-miR-581	954	954	948	854	347	20	1	0	0	0	3.78096855712724
hsa-miR-582-3p	954	953	947	906	602	106	5	0	0	0	4.17294411012494
hsa-miR-582-5p	954	954	954	951	874	564	266	117	46	17	5.46894587464511
hsa-miR-583	953	948	918	694	163	2	0	0	0	0	3.36589652293935
hsa-miR-584	954	954	954	954	943	602	62	2	0	0	5.18378542769054
hsa-miR-586	952	937	877	625	125	0	0	0	0	0	3.18148713162614
hsa-miR-587	954	952	932	733	205	9	0	0	0	0	3.46156373784249
hsa-miR-588	954	953	948	883	372	29	0	0	0	0	3.84534653179974
hsa-miR-589	954	954	954	950	784	118	1	0	0	0	4.44206909557892
hsa-miR-590-3p	954	954	952	945	849	491	135	21	1	0	5.05227789803858
hsa-miR-590-5p	928	912	910	909	906	903	894	873	827	693	9.1290968815654
hsa-miR-591	954	951	942	861	429	66	4	0	0	0	3.91033347160067
hsa-miR-592	954	954	954	953	945	824	483	194	68	26	6.18298174776062
hsa-miR-593	954	946	904	721	285	37	2	0	0	0	3.53430919869951
hsa-miR-595	954	953	952	940	787	332	43	2	0	0	4.73119959938338
hsa-miR-596	953	948	937	830	351	16	0	0	0	0	3.73105227887102
hsa-miR-597	952	946	924	758	271	13	0	0	0	0	3.53396919602563
hsa-miR-598	954	953	952	950	890	583	228	69	29	6	5.38653825943728
hsa-miR-599	954	953	949	885	412	36	1	1	0	0	3.8700360910357
hsa-miR-600	954	954	954	954	954	942	666	1	0	0	6.13418924221441
hsa-miR-601	954	954	954	948	796	115	0	0	0	0	4.44448648617737
hsa-miR-602	952	941	917	737	260	20	1	0	0	0	3.51192310794768
hsa-miR-603	546	161	134	127	121	109	85	56	25	2	0.942899570080194
hsa-miR-604	953	924	824	474	90	5	0	0	0	0	2.93128708058097
hsa-miR-605	954	953	937	764	143	0	0	0	0	0	3.44580897295106
hsa-miR-606	953	931	818	408	38	2	1	0	0	0	2.79861026320285
hsa-miR-607	954	954	949	885	455	48	1	0	0	0	3.93882846612767
hsa-miR-608	951	947	917	733	231	7	0	0	0	0	3.46978104904956
hsa-miR-609	953	948	910	722	183	5	0	0	0	0	3.39204969756421
hsa-miR-610	954	954	939	818	280	10	0	0	0	0	3.64354162898803
hsa-miR-611	953	947	902	598	69	0	0	0	0	0	3.12986023303926
hsa-miR-612	953	929	862	592	110	5	0	0	0	0	3.12647895537464
hsa-miR-613	954	954	951	910	499	50	0	0	0	0	4.01949900928032
hsa-miR-614	954	954	953	934	696	117	2	0	0	0	4.31334860685179
hsa-miR-615-3p	954	953	952	934	692	298	96	29	13	5	4.65331001797341
hsa-miR-615-5p	954	954	954	949	798	353	67	3	0	0	4.77631364690819
hsa-miR-616	954	954	952	922	545	62	2	0	0	0	4.11596297542769
hsa-miR-617	954	953	948	881	339	5	0	0	0	0	3.77920437586806
hsa-miR-619	954	954	954	935	648	207	45	0	0	0	4.40405695643209
hsa-miR-620	954	954	953	943	637	31	0	0	0	0	4.16078038513157
hsa-miR-622	954	950	937	825	285	16	0	0	0	0	3.6530946081759
hsa-miR-623	954	954	953	943	794	268	38	8	0	0	4.66159888772617
hsa-miR-624	953	943	907	662	179	11	1	0	0	0	3.33897484931554
hsa-miR-625	954	951	927	742	179	20	2	0	0	0	3.47072351161106
hsa-miR-626	954	954	954	954	954	910	504	188	60	15	6.28267225023101
hsa-miR-627	954	954	949	923	605	94	9	0	0	0	4.20611868845301
hsa-miR-628-5p	954	944	914	724	272	37	5	0	0	0	3.53723250692248
hsa-miR-629	954	954	953	948	892	565	116	15	1	0	5.14879500504322
hsa-miR-630	954	954	954	954	952	871	621	310	138	47	6.60519017843975
hsa-miR-631	954	953	945	896	564	115	19	2	2	0	4.17853595571489
hsa-miR-632	954	954	954	945	784	207	10	0	0	0	4.54940391509848
hsa-miR-633	954	954	954	949	844	464	210	84	31	8	5.22085988333893
hsa-miR-634	952	949	931	796	276	14	0	0	0	0	3.59282082014537
hsa-miR-635	954	954	949	891	510	60	0	0	0	0	4.029574774874
hsa-miR-636	954	952	939	867	446	33	0	0	0	0	3.87083953434722
hsa-miR-637	953	950	925	748	183	2	0	0	0	0	3.44692368344987
hsa-miR-638	954	954	951	910	495	56	0	0	0	0	4.02568550422122
hsa-miR-639	954	954	948	919	614	91	4	0	0	0	4.21222665611712
hsa-miR-640	954	954	954	954	943	852	183	4	0	0	5.60380907299056
hsa-miR-641	954	954	954	954	954	923	368	7	0	0	5.86044969598081
hsa-miR-642	954	954	953	935	711	227	46	8	1	0	4.51254115431486
hsa-miR-643	954	949	931	793	406	104	15	1	0	0	3.83854576038106
hsa-miR-644	954	949	923	752	263	23	1	0	0	0	3.54810101914929
hsa-miR-645	954	954	946	856	367	23	0	0	0	0	3.80495927400611
hsa-miR-646	954	954	953	952	930	772	325	14	1	0	5.64944415081726
hsa-miR-647	954	954	949	861	299	11	0	0	0	0	3.73179978112004
hsa-miR-648	954	953	951	929	649	135	7	0	0	0	4.30250059760749
hsa-miR-649	954	954	950	933	789	307	21	0	0	0	4.62501635345701
hsa-miR-650	953	952	942	894	484	41	0	0	0	0	3.97066632144835
hsa-miR-651	954	954	954	954	954	954	689	35	0	0	6.23035391855485
hsa-miR-652	954	953	930	797	349	74	3	0	0	0	3.76712970959364
hsa-miR-653	954	954	954	943	802	321	72	26	8	4	4.77910635569959
hsa-miR-654-3p	954	954	954	954	939	710	175	16	0	0	5.43740897042461
hsa-miR-654-5p	954	952	948	907	500	45	0	0	0	0	4.01067395276141
hsa-miR-655	954	954	954	954	953	877	329	91	35	7	5.91136779443977
hsa-miR-656	954	953	952	942	857	342	89	27	8	2	4.87645524695343
hsa-miR-657	952	938	892	614	122	0	0	0	0	0	3.1945099143739
hsa-miR-658	954	950	934	823	380	71	5	0	0	0	3.80304289296195
hsa-miR-659	953	945	912	746	286	32	0	0	0	0	3.57133183071598
hsa-miR-660	954	954	954	950	931	823	526	201	53	14	6.17126628491441
hsa-miR-661	954	954	951	915	565	57	2	0	0	0	4.10822990000672
hsa-miR-662	954	954	947	896	387	7	0	0	0	0	3.84896286585285
hsa-miR-663	954	954	952	928	670	167	38	8	2	1	4.3961106321812
hsa-miR-663b	954	954	952	940	763	208	8	2	0	0	4.49084621626663
hsa-miR-664	528	74	34	34	30	23	17	9	5	0	0.304401877033443
hsa-miR-665	953	933	871	584	92	3	0	0	0	0	3.09943419094244
hsa-miR-668	954	954	953	914	471	39	0	0	0	0	3.99536059364028
hsa-miR-670	951	931	821	405	30	0	0	0	0	0	2.79632306145904
hsa-miR-671-3p	954	953	948	904	570	58	1	0	0	0	4.08037806034656
hsa-miR-671-5p	952	944	892	627	106	1	0	0	0	0	3.19153997484981
hsa-miR-675	954	943	935	887	538	71	6	0	0	0	4.04487411568747
hsa-miR-7	954	949	938	863	519	247	122	65	29	11	4.44526396302994
hsa-miR-708	954	954	954	954	954	953	938	588	210	83	7.4334583118432
hsa-miR-711	942	876	675	278	27	2	0	0	0	0	2.43704217441192
hsa-miR-718	954	954	953	911	548	59	2	0	0	0	4.09490101052499
hsa-miR-744	641	316	272	249	199	124	35	4	1	0	1.43877218162198
hsa-miR-758	954	953	948	911	645	164	10	0	0	0	4.311654927515
hsa-miR-759	954	954	954	947	724	163	3	0	0	0	4.41848342643011
hsa-miR-760	954	953	946	885	572	127	13	0	0	0	4.15765967014529
hsa-miR-761	945	912	751	311	20	0	0	0	0	0	2.56531239710384
hsa-miR-762	954	953	932	827	441	77	4	0	0	0	3.90249030888326
hsa-miR-764	954	954	952	932	621	91	1	0	0	0	4.20755485107909
hsa-miR-765	954	947	913	733	205	3	0	0	0	0	3.41487454201861
hsa-miR-766	952	940	934	897	724	341	129	48	19	3	4.72049038964397
hsa-miR-767-3p	954	953	944	879	537	100	7	0	0	0	4.07818898805287
hsa-miR-767-5p	954	954	954	950	862	438	169	52	14	0	5.0961177043993
hsa-miR-769-3p	954	954	947	894	581	167	20	1	0	0	4.23988325854477
hsa-miR-769-5p	954	954	954	954	926	672	195	25	2	1	5.42161224508886
hsa-miR-770-5p	954	951	945	932	755	201	8	0	0	0	4.46305326460748
hsa-miR-802	954	954	952	943	713	139	3	0	0	0	4.38113798811268
hsa-miR-873	954	954	950	941	735	305	117	44	18	5	4.75158549645767
hsa-miR-874	954	953	952	934	743	242	28	5	0	0	4.5443777405154
hsa-miR-875-3p	953	936	858	499	74	0	0	0	0	0	2.9875737629718
hsa-miR-875-5p	954	954	954	946	888	596	248	72	14	7	5.4188328086154
hsa-miR-876-3p	954	954	952	914	592	204	47	9	2	1	4.35163013578014
hsa-miR-876-5p	954	953	952	947	764	147	5	0	0	0	4.46591367817529
hsa-miR-877	953	951	931	770	224	21	1	0	0	0	3.54546565557838
hsa-miR-885-3p	949	925	786	376	29	0	0	0	0	0	2.69523955384038
hsa-miR-885-5p	954	952	931	776	328	105	64	43	22	11	3.89226086675079
hsa-miR-887	954	954	950	881	405	42	0	0	0	0	3.88538036216525
hsa-miR-888	954	952	943	833	257	5	2	0	0	0	3.64721489355542
hsa-miR-889	954	952	936	841	464	167	68	29	12	5	4.14064114226573
hsa-miR-890	954	954	953	940	877	697	473	221	71	10	5.9477025346547
hsa-miR-891a	954	953	948	933	809	397	103	21	2	0	4.86498557578593
hsa-miR-891b	954	953	952	936	785	206	12	2	0	0	4.51969697852948
hsa-miR-892a	952	937	892	690	168	2	0	0	0	0	3.31607617924921
hsa-miR-892b	954	953	952	944	822	300	27	0	0	0	4.70116258840428
hsa-miR-9	954	954	952	942	859	715	613	506	405	309	7.44698638945993
hsa-miR-921	947	880	731	321	20	0	0	0	0	0	2.54566342749474
hsa-miR-922	953	949	924	799	301	24	0	0	0	0	3.63364789146084
hsa-miR-924	954	952	935	748	184	6	0	0	0	0	3.44592299022501
hsa-miR-92a	954	954	954	954	954	954	954	954	954	934	11.9126663890599
hsa-miR-92b	954	954	954	954	954	943	860	652	367	133	7.61617369105309
hsa-miR-93	954	954	954	954	954	952	942	894	743	474	9.00024756093915
hsa-miR-933	953	947	924	808	391	93	12	0	0	0	3.84672738123533
hsa-miR-934	954	954	954	954	945	617	199	88	50	22	5.51670684933861
hsa-miR-935	953	950	926	715	181	2	0	0	0	0	3.40045471314122
hsa-miR-936	954	939	865	524	62	3	0	0	0	0	3.00480336194835
hsa-miR-937	954	952	945	841	342	29	1	0	0	0	3.77107247614206
hsa-miR-938	954	950	930	803	312	42	0	0	0	0	3.67346893270962
hsa-miR-939	947	898	832	585	179	13	2	2	1	0	3.11672053330256
hsa-miR-943	954	954	954	951	901	623	205	42	1	0	5.35297309020902
hsa-miR-944	953	933	830	502	132	32	9	3	1	0	3.05639006440463
hsa-miR-95	954	952	931	821	533	302	177	101	55	32	4.61221453894614
hsa-miR-96	954	954	954	954	954	954	948	913	821	690	9.98405927151994
hsa-miR-98	954	954	954	953	946	914	818	687	490	255	7.94937490915073
hsa-miR-99a	954	954	954	954	939	751	571	430	298	167	6.95659545522859
hsa-miR-99b	954	954	954	950	895	823	794	770	721	624	8.93104080065807
