miRNA	log2(exp)>=0	log2(exp)>=1	log2(exp)>=2	log2(exp)>=3	log2(exp)>=4	log2(exp)>=5	log2(exp)>=6	log2(exp)>=7	log2(exp)>=8	log2(exp)>=9	mean expression level
hsa-let-7a	25	25	25	25	25	25	25	24	24	22	12.3697600344991
hsa-let-7b	25	25	25	25	25	23	23	19	13	11	8.23622783451033
hsa-let-7c	25	25	25	25	25	24	22	19	14	8	8.28405881419354
hsa-let-7d	25	25	25	25	25	25	24	23	18	15	9.3391849352489
hsa-let-7e	24	20	20	20	20	20	20	19	17	9	7.44379620842902
hsa-let-7f	25	25	25	25	25	25	23	22	20	16	9.74574630591397
hsa-let-7g	25	25	25	25	25	23	22	22	20	19	9.78607448711113
hsa-let-7i	25	25	25	25	25	25	25	24	20	17	9.82204380216513
hsa-miR-1	25	25	25	25	10	4	0	0	0	0	4.02832732202986
hsa-miR-100	25	25	25	24	23	19	17	14	13	11	8.3936074222363
hsa-miR-101	25	25	25	25	25	25	25	21	15	5	8.25211491391133
hsa-miR-103	25	25	25	25	25	25	25	25	25	24	11.3596299635262
hsa-miR-105	25	25	25	25	18	4	2	0	0	0	4.38879968772993
hsa-miR-106a+hsa-miR-17	25	25	25	25	25	25	25	25	22	19	9.47422848820562
hsa-miR-106b	25	25	25	25	25	25	25	25	25	23	10.8649710057709
hsa-miR-107	25	25	25	25	25	25	24	22	15	7	8.24843350653859
hsa-miR-10a	25	25	25	25	25	23	21	16	12	6	7.82765800486633
hsa-miR-10b	25	25	25	25	23	14	6	4	0	0	5.33127624573203
hsa-miR-1178	25	25	25	21	5	2	1	1	1	1	3.87917317878958
hsa-miR-1179	25	25	25	25	25	20	1	0	0	0	5.30766325181301
hsa-miR-1180	25	25	25	25	21	15	7	4	1	1	5.48539981762275
hsa-miR-1181	25	25	25	25	18	0	0	0	0	0	4.21766906563846
hsa-miR-1182	25	25	24	20	7	1	0	0	0	0	3.60839009320804
hsa-miR-1183	25	25	24	19	10	0	0	0	0	0	3.47703994300379
hsa-miR-1185	25	25	22	17	4	0	0	0	0	0	3.17734298146558
hsa-miR-1197	25	25	23	12	0	0	0	0	0	0	2.90624399265259
hsa-miR-1200	25	25	25	23	11	1	0	0	0	0	3.88993920420967
hsa-miR-1203	25	25	25	25	18	2	0	0	0	0	4.30206599662291
hsa-miR-1204	25	25	24	17	3	0	0	0	0	0	3.20390853856703
hsa-miR-1205	25	25	24	23	20	8	0	0	0	0	4.55203553477226
hsa-miR-1206	25	25	25	25	25	21	5	0	0	0	5.49172179916778
hsa-miR-122	25	25	25	25	24	10	7	5	5	5	6.0962622578092
hsa-miR-1225-3p	25	25	25	25	20	7	0	0	0	0	4.56037137119253
hsa-miR-1226	25	25	25	25	21	9	0	0	0	0	4.68748471288495
hsa-miR-1227	25	25	24	21	10	1	0	0	0	0	3.73433251671494
hsa-miR-1228	25	25	25	22	3	0	0	0	0	0	3.46829336706346
hsa-miR-1231	25	25	24	20	10	0	0	0	0	0	3.76279039691486
hsa-miR-1233	25	25	24	15	0	0	0	0	0	0	3.07649282449292
hsa-miR-1236	25	25	25	21	5	0	0	0	0	0	3.61130787476975
hsa-miR-124	25	25	25	20	5	0	0	0	0	0	3.54785385758444
hsa-miR-1243	25	25	25	25	14	1	0	0	0	0	4.11883393012232
hsa-miR-1244	25	25	25	25	22	7	0	0	0	0	4.6776130707085
hsa-miR-1245	25	25	25	22	8	0	0	0	0	0	3.76029612800491
hsa-miR-1246	25	25	25	25	25	25	25	22	16	9	8.70680907094269
hsa-miR-1247	25	24	20	11	3	0	0	0	0	0	2.78520960507324
hsa-miR-1248	25	25	25	24	16	3	0	0	0	0	4.1278258262633
hsa-miR-1250	25	25	24	19	8	0	0	0	0	0	3.58518277885857
hsa-miR-1251	25	25	25	25	16	1	0	0	0	0	4.20107554100103
hsa-miR-1252	25	25	25	24	15	1	0	0	0	0	4.06955729889209
hsa-miR-1253	25	25	25	25	22	3	0	0	0	0	4.46482456075773
hsa-miR-1254	25	25	25	22	15	1	0	0	0	0	4.0246040126088
hsa-miR-1255a	25	25	25	23	14	2	0	0	0	0	4.04772315383185
hsa-miR-1256	25	25	25	20	3	0	0	0	0	0	3.40915741934758
hsa-miR-1257	25	25	24	20	3	0	0	0	0	0	3.35119594226424
hsa-miR-1258	25	23	20	10	0	0	0	0	0	0	2.59501355962763
hsa-miR-125a-3p	25	25	25	25	25	25	24	20	14	1	7.78774727314185
hsa-miR-125a-5p	25	25	25	25	25	25	23	23	22	22	10.4202075067019
hsa-miR-125b	25	25	25	25	25	23	21	19	17	12	8.8492383876868
hsa-miR-126	25	25	25	25	25	21	17	13	8	1	6.99753160415547
hsa-miR-1260	25	25	25	25	25	25	25	25	25	25	11.9641057620918
hsa-miR-1261	25	25	25	25	24	12	1	0	0	0	4.90692833788081
hsa-miR-1262	25	25	25	21	6	0	0	0	0	0	3.60539625286839
hsa-miR-1263	25	25	25	25	21	4	0	0	0	0	4.46261217817277
hsa-miR-1266	25	25	25	25	24	12	2	0	0	0	4.99864102891751
hsa-miR-1268	25	25	25	23	21	9	1	0	0	0	4.67777534037592
hsa-miR-1269	25	25	25	22	9	2	0	0	0	0	3.86797315450876
hsa-miR-127-3p	25	25	22	19	6	3	2	1	1	0	3.74474058111791
hsa-miR-127-5p	25	25	25	25	17	6	0	0	0	0	4.41713165089491
hsa-miR-1271	25	25	24	19	8	3	0	0	0	0	3.62907135310466
hsa-miR-1272	25	25	25	24	15	2	0	0	0	0	4.18068222660731
hsa-miR-1275	25	25	25	25	22	7	0	0	0	0	4.67802995430883
hsa-miR-1276	25	25	25	25	25	15	0	0	0	0	5.12917381430209
hsa-miR-1277	25	25	25	24	9	0	0	0	0	0	3.75378124201221
hsa-miR-1278	25	24	23	16	4	0	0	0	0	0	3.18627188379731
hsa-miR-1279	25	25	25	22	16	0	0	0	0	0	4.16979986345866
hsa-miR-128	25	25	25	25	25	25	25	23	10	5	8.00101945253284
hsa-miR-1281	25	25	25	21	12	2	1	0	0	0	3.93547779561276
hsa-miR-1282	25	25	25	25	20	5	0	0	0	0	4.48557829264018
hsa-miR-1283	13	0	0	0	0	0	0	0	0	0	0.120326690054462
hsa-miR-1284	25	25	24	18	4	0	0	0	0	0	3.31877206752598
hsa-miR-1285	25	25	25	25	21	4	0	0	0	0	4.49319794768084
hsa-miR-1286	25	25	25	24	21	6	0	0	0	0	4.55348933171853
hsa-miR-1287	25	25	25	25	23	10	0	0	0	0	4.71253659478122
hsa-miR-1288	25	24	23	15	1	0	0	0	0	0	3.05552649892211
hsa-miR-1289	25	25	25	20	10	1	0	0	0	0	3.65660648648666
hsa-miR-129-3p	25	23	16	12	5	4	1	0	0	0	2.9728714065239
hsa-miR-129-5p	25	25	25	24	20	5	0	0	0	0	4.35386748712521
hsa-miR-1290	25	25	25	24	19	10	5	0	0	0	4.83458673348404
hsa-miR-1291	25	25	25	24	21	3	0	0	0	0	4.40293158024886
hsa-miR-1292	25	25	25	24	15	5	0	0	0	0	4.26525646682054
hsa-miR-1293	25	22	18	8	0	0	0	0	0	0	2.43501001343267
hsa-miR-1294	25	25	25	23	12	1	0	0	0	0	3.91181150183638
hsa-miR-1296	25	25	24	18	8	1	0	0	0	0	3.54700626480248
hsa-miR-1297	25	25	25	25	25	25	23	18	6	0	7.31839740081065
hsa-miR-1298	25	25	25	23	9	0	0	0	0	0	3.78527420797871
hsa-miR-1299	25	25	25	24	19	8	1	0	0	0	4.56546998266819
hsa-miR-1301	25	25	25	25	12	0	0	0	0	0	4.02643277235438
hsa-miR-1302	25	25	25	25	24	19	14	7	0	0	5.97313904035649
hsa-miR-1303	25	25	25	19	4	0	0	0	0	0	3.42389704660609
hsa-miR-1305	25	25	25	25	25	23	14	2	0	0	6.01277579428644
hsa-miR-1306	25	25	12	2	0	0	0	0	0	0	2.14156688352611
hsa-miR-1307	25	25	25	25	24	13	2	0	0	0	5.03842204795944
hsa-miR-130a	25	25	25	21	16	15	14	10	7	2	5.92658368514621
hsa-miR-130b	25	25	25	25	25	25	25	23	16	3	8.33263857936159
hsa-miR-132	22	20	20	20	20	20	15	12	6	1	5.69622118477957
hsa-miR-1321	25	25	25	18	7	0	0	0	0	0	3.46803122433302
hsa-miR-1322	25	25	25	20	6	1	0	0	0	0	3.70545711252323
hsa-miR-1323	25	25	25	21	8	0	0	0	0	0	3.79294637144739
hsa-miR-133a	25	25	25	25	19	5	0	0	0	0	4.37745979751613
hsa-miR-133b	25	25	25	23	22	20	2	0	0	0	5.24640011083761
hsa-miR-134	25	25	25	25	25	21	0	0	0	0	5.35222389755794
hsa-miR-135a	24	24	23	18	11	4	1	1	1	0	3.75848074950134
hsa-miR-135b	25	25	25	25	19	14	12	10	5	2	6.0889441769445
hsa-miR-136	25	25	24	24	23	14	5	1	1	0	5.10442132904547
hsa-miR-137	25	25	25	25	25	25	17	14	9	6	7.45378992179079
hsa-miR-138	25	25	25	24	16	5	2	0	0	0	4.38286373307865
hsa-miR-139-5p	25	24	22	8	1	0	0	0	0	0	2.7821614199175
hsa-miR-140-3p	25	25	25	25	19	5	0	0	0	0	4.35788317945308
hsa-miR-140-5p	25	25	25	25	25	24	23	16	10	2	7.51381232748024
hsa-miR-141	25	25	25	25	13	3	3	3	2	2	4.53919643626626
hsa-miR-142-3p	25	25	25	23	9	2	2	1	1	0	4.03841319409928
hsa-miR-142-5p	13	1	1	1	1	0	0	0	0	0	0.258843312031733
hsa-miR-143	25	25	25	23	14	9	5	4	2	2	5.02413084229418
hsa-miR-144	25	25	25	22	8	0	0	0	0	0	3.69780813296297
hsa-miR-145	25	25	25	25	23	17	13	8	4	2	6.38184885636813
hsa-miR-1469	25	25	24	21	17	7	0	0	0	0	4.21723372207439
hsa-miR-146a	25	25	25	25	25	25	20	13	10	4	7.55142683301604
hsa-miR-146b-3p	25	25	25	22	13	1	0	0	0	0	3.85056943283329
hsa-miR-146b-5p	25	25	25	25	19	3	0	0	0	0	4.43395470157763
hsa-miR-147	25	25	25	24	19	3	0	0	0	0	4.29559629026957
hsa-miR-1470	25	25	24	14	4	0	0	0	0	0	3.1659486066111
hsa-miR-147b	25	25	23	19	7	0	0	0	0	0	3.48785677360896
hsa-miR-148a	25	25	25	25	25	24	19	18	14	9	8.11999482522819
hsa-miR-148b	25	25	25	25	25	25	25	25	18	9	8.70107587837003
hsa-miR-149	25	25	25	24	19	12	7	1	0	0	4.99609180802785
hsa-miR-150	25	25	25	25	17	1	0	0	0	0	4.20148093884381
hsa-miR-151-3p	25	25	25	25	25	25	24	16	4	1	7.36737910522673
hsa-miR-151-5p	25	25	25	25	25	25	25	20	11	4	8.01432746741593
hsa-miR-152	25	25	24	21	20	12	8	1	0	0	4.95607169409007
hsa-miR-153	25	25	25	23	3	0	0	0	0	0	3.37854785037436
hsa-miR-1537	25	25	25	25	25	25	18	1	0	0	6.32869560318133
hsa-miR-1538	25	25	25	20	4	0	0	0	0	0	3.44144421849705
hsa-miR-1539	25	25	24	18	3	0	0	0	0	0	3.2780242475153
hsa-miR-154	25	25	25	25	14	4	1	0	0	0	4.29311142431181
hsa-miR-155	25	25	25	25	25	25	14	1	1	0	6.13802204638557
hsa-miR-15a	25	25	25	25	25	25	25	25	24	20	10.2498122874178
hsa-miR-15b	25	25	25	25	25	25	25	25	24	22	10.2904240752239
hsa-miR-16	25	25	25	25	25	25	25	25	25	25	12.4503962841691
hsa-miR-181a	25	25	25	25	25	25	25	25	25	21	10.3638004378083
hsa-miR-181b+hsa-miR-181d	25	25	25	25	25	24	24	15	8	2	7.47491452323703
hsa-miR-181c	25	25	25	25	24	12	3	1	0	0	5.11982534022014
hsa-miR-1825	25	25	25	25	19	5	0	0	0	0	4.45567015670338
hsa-miR-1827	25	25	24	20	7	0	0	0	0	0	3.56128034788201
hsa-miR-183	25	25	25	25	25	24	23	17	10	5	7.7594611542286
hsa-miR-184	25	25	24	20	11	1	0	0	0	0	3.72660859038791
hsa-miR-185	25	25	25	25	25	25	24	16	4	0	7.24493068036794
hsa-miR-186	25	25	25	25	25	25	23	15	8	2	7.56416755912229
hsa-miR-187	25	25	25	25	22	7	0	0	0	0	4.5827960260994
hsa-miR-188-3p	25	25	25	25	25	22	8	3	0	0	5.79817125517859
hsa-miR-188-5p	25	25	25	25	25	25	17	0	0	0	6.14637617462953
hsa-miR-18a	25	25	25	25	25	25	25	23	20	13	9.03756122007397
hsa-miR-18b	25	25	25	25	25	24	20	13	6	4	7.17726358507516
hsa-miR-190	25	25	25	22	0	0	0	0	0	0	3.36203556074238
hsa-miR-1908	25	25	25	25	21	8	1	0	0	0	4.72628726592499
hsa-miR-1909	25	25	23	16	2	0	0	0	0	0	3.20755437547084
hsa-miR-190b	25	25	25	25	24	16	8	4	0	0	5.46444386244157
hsa-miR-191	25	25	25	25	25	25	25	25	18	8	8.71053493963546
hsa-miR-1910	25	25	24	24	19	5	0	0	0	0	4.42477960982894
hsa-miR-1911	25	25	25	24	13	2	0	0	0	0	4.02746455625169
hsa-miR-1912	25	25	25	25	25	8	0	0	0	0	4.81744614550818
hsa-miR-1913	25	25	25	24	19	2	0	0	0	0	4.35109431237291
hsa-miR-1914	25	25	25	22	17	1	0	0	0	0	4.13839459145621
hsa-miR-1915	25	25	25	25	19	1	0	0	0	0	4.34334735957207
hsa-miR-192	23	21	21	20	20	19	15	13	11	8	6.81532872616912
hsa-miR-193a-3p	13	0	0	0	0	0	0	0	0	0	0.120326690054462
hsa-miR-193a-5p	25	25	25	25	21	18	12	7	0	0	5.68725357891529
hsa-miR-193b	25	25	25	25	25	25	25	25	24	22	10.3902509457429
hsa-miR-194	25	25	25	25	25	20	18	13	13	12	8.19647886444447
hsa-miR-195	25	25	25	25	22	15	1	0	0	0	5.03855719470939
hsa-miR-196a	25	25	25	25	25	25	25	23	22	16	9.25089566224371
hsa-miR-196b	25	25	25	25	20	13	10	5	0	0	5.49301985006935
hsa-miR-197	25	25	25	25	25	25	25	21	14	4	7.98697424673899
hsa-miR-1973	25	25	25	25	25	17	4	1	1	0	5.41636586164892
hsa-miR-1976	25	24	21	8	0	0	0	0	0	0	2.57494203318529
hsa-miR-198	25	24	22	13	0	0	0	0	0	0	2.87095107366599
hsa-miR-199a-3p+hsa-miR-199b-3p	25	25	25	25	18	6	5	4	3	2	5.35284923009521
hsa-miR-199a-5p	25	25	25	23	10	4	4	4	2	2	4.64188384826604
hsa-miR-199b-5p	25	25	25	23	16	6	3	2	1	0	4.5923634882064
hsa-miR-19a	25	25	25	25	25	25	25	24	24	14	9.37894182277616
hsa-miR-19b	25	25	25	25	25	25	25	25	25	25	11.9541528506825
hsa-miR-200a	25	25	25	25	25	25	23	16	10	7	7.74830952900993
hsa-miR-200b	25	25	25	25	25	21	17	13	11	7	7.59330068198717
hsa-miR-200c	25	24	24	23	18	11	4	3	3	3	5.30096882731737
hsa-miR-202	25	25	25	24	13	0	0	0	0	0	3.94568466615704
hsa-miR-203	25	25	25	25	24	14	3	2	2	2	5.36701758056767
hsa-miR-204	25	25	25	23	10	2	1	0	0	0	3.94598934610088
hsa-miR-205	25	25	25	24	21	3	3	2	0	0	4.69294132849218
hsa-miR-2052	25	25	22	12	0	0	0	0	0	0	2.91439837526069
hsa-miR-2053	25	25	25	20	7	2	0	0	0	0	3.74228719605927
hsa-miR-2054	25	25	25	25	18	1	0	0	0	0	4.26831984866326
hsa-miR-206	21	14	14	12	11	8	5	0	0	0	2.98035247929246
hsa-miR-208a	25	25	25	25	25	18	5	0	0	0	5.35281073475016
hsa-miR-208b	25	25	25	25	18	7	0	0	0	0	4.39065345026255
hsa-miR-20a+hsa-miR-20b	25	25	25	25	25	25	25	25	25	25	12.7720675158288
hsa-miR-21	25	25	25	25	25	25	25	25	25	24	12.2380728199454
hsa-miR-210	25	25	25	25	25	24	23	20	12	5	7.85337105926539
hsa-miR-211	25	25	24	16	3	0	0	0	0	0	3.24347584821426
hsa-miR-2110	25	25	25	14	1	0	0	0	0	0	3.11287766673748
hsa-miR-2113	25	25	25	23	8	0	0	0	0	0	3.66960977462678
hsa-miR-2114	25	25	25	24	18	1	0	0	0	0	4.25932243156389
hsa-miR-2115	25	25	24	23	17	2	0	0	0	0	4.14800421421682
hsa-miR-2116	25	25	25	21	10	0	0	0	0	0	3.81272918217866
hsa-miR-2117	25	25	25	25	21	16	9	1	0	0	5.29383702390164
hsa-miR-212	25	23	21	8	0	0	0	0	0	0	2.58386297584191
hsa-miR-214	25	25	25	24	18	14	7	3	2	1	5.39243067510958
hsa-miR-215	25	25	25	25	24	19	12	6	5	2	6.28457958468787
hsa-miR-216a	25	25	25	24	23	21	18	14	11	8	7.34626847125867
hsa-miR-217	25	25	25	17	4	0	0	0	0	0	3.29311845034987
hsa-miR-218	25	25	25	25	20	12	11	4	1	1	5.42881317844221
hsa-miR-219-1-3p	25	25	25	19	4	0	0	0	0	0	3.41529602501258
hsa-miR-219-2-3p	25	25	23	21	7	3	1	0	0	0	3.68630270163819
hsa-miR-219-5p	25	25	25	23	14	2	0	0	0	0	4.10515387497647
hsa-miR-22	25	25	25	25	25	25	24	24	20	12	8.82000553887877
hsa-miR-221	25	25	25	25	25	25	25	24	24	22	10.789956124371
hsa-miR-222	25	25	25	25	25	25	24	22	18	13	8.9634094940806
hsa-miR-223	13	0	0	0	0	0	0	0	0	0	0.120326690054462
hsa-miR-224	25	25	25	25	24	12	5	3	3	1	5.44506040616153
hsa-miR-2276	25	25	25	15	7	0	0	0	0	0	3.35373693291273
hsa-miR-2277	25	22	18	10	0	0	0	0	0	0	2.45620636742406
hsa-miR-2278	25	25	24	23	19	11	1	0	0	0	4.66340043740402
hsa-miR-23a	25	25	25	25	25	25	25	24	23	21	10.3668559836002
hsa-miR-23b	25	25	25	25	25	25	24	22	18	12	8.8614102454953
hsa-miR-24	25	25	25	25	25	25	25	25	25	25	11.923955751273
hsa-miR-25	25	25	25	25	25	25	25	25	24	23	10.5841547301748
hsa-miR-26a	25	25	25	25	25	25	25	25	25	25	12.2915190776669
hsa-miR-26b	25	25	25	25	25	25	24	22	6	5	7.76614602842536
hsa-miR-27a	25	25	25	25	25	25	25	25	23	17	10.4552962596853
hsa-miR-27b	22	20	20	20	20	20	20	20	19	18	9.10817507045866
hsa-miR-28-3p	25	25	25	24	23	11	2	1	0	0	4.90967697496797
hsa-miR-28-5p	25	25	25	22	15	4	0	0	0	0	4.12561568401714
hsa-miR-296-3p	25	22	13	4	0	0	0	0	0	0	2.07393412550163
hsa-miR-296-5p	25	25	25	25	25	24	17	16	12	6	7.67397736484714
hsa-miR-297	25	23	20	12	1	0	0	0	0	0	2.66813999488468
hsa-miR-298	25	25	25	20	7	0	0	0	0	0	3.70827410700749
hsa-miR-299-3p	25	25	25	23	7	0	0	0	0	0	3.71012127294231
hsa-miR-299-5p	25	24	22	16	4	0	0	0	0	0	3.23990632759932
hsa-miR-29a	25	25	25	25	25	25	25	25	25	25	12.3241196283319
hsa-miR-29b	25	25	24	24	24	24	22	19	17	9	8.2828679054896
hsa-miR-29c	25	25	25	25	25	24	24	20	12	3	7.8125908551863
hsa-miR-300	25	25	25	25	25	20	0	0	0	0	5.15506336603793
hsa-miR-301a	25	25	25	25	25	25	25	20	11	3	8.00289621042267
hsa-miR-301b	25	25	25	25	24	22	12	4	2	0	5.96789686265096
hsa-miR-302a	25	25	25	24	9	1	1	1	0	0	3.85390148033064
hsa-miR-302b	25	25	25	22	15	1	1	0	0	0	3.98742344569026
hsa-miR-302c	25	25	25	25	14	3	0	0	0	0	4.26100554646161
hsa-miR-302d	25	25	25	21	4	1	1	1	0	0	3.64036128380657
hsa-miR-302e	25	25	25	25	21	16	6	1	0	0	5.20467000887197
hsa-miR-302f	25	25	25	25	21	7	0	0	0	0	4.58482572561977
hsa-miR-30a	25	25	25	25	25	25	19	8	5	3	6.91049572832628
hsa-miR-30b	25	25	25	25	25	25	25	25	25	25	11.4136881481219
hsa-miR-30c	25	25	25	25	25	25	25	25	23	17	9.67928163683425
hsa-miR-30d	25	25	25	25	25	25	24	13	5	2	7.22228886382677
hsa-miR-30e	25	25	25	25	25	23	18	12	6	1	6.94119351198576
hsa-miR-31	25	25	25	25	25	21	12	11	8	5	6.86761178241735
hsa-miR-32	25	25	25	25	25	25	24	20	12	4	8.00446732242075
hsa-miR-320a	25	25	25	25	24	23	12	2	1	0	5.93831243917713
hsa-miR-320b	25	25	25	24	17	13	4	1	0	0	4.84419083746233
hsa-miR-320c	25	25	25	25	25	25	25	25	25	24	10.6823153520338
hsa-miR-320d	25	25	22	14	3	0	0	0	0	0	3.08373229081673
hsa-miR-323-3p	25	25	25	15	3	1	0	0	0	0	3.31003753280103
hsa-miR-323-5p	25	25	25	25	16	2	0	0	0	0	4.21392706562654
hsa-miR-324-3p	25	25	25	25	25	22	12	0	0	0	5.86038461614048
hsa-miR-324-5p	25	25	25	25	25	25	24	17	15	3	7.82796243344741
hsa-miR-326	25	25	25	25	19	6	1	0	0	0	4.63011875544241
hsa-miR-328	25	25	25	25	22	10	1	0	0	0	4.85119012547339
hsa-miR-329	25	25	25	24	20	8	1	1	0	0	4.62815108821224
hsa-miR-330-3p	25	25	25	22	17	2	0	0	0	0	4.10084374303861
hsa-miR-330-5p	25	25	25	25	25	21	9	0	0	0	5.81113737005695
hsa-miR-331-3p	25	25	25	25	25	25	25	23	20	9	8.54703189796808
hsa-miR-331-5p	25	25	25	18	5	0	0	0	0	0	3.36887126315291
hsa-miR-335	25	25	25	25	23	20	16	5	2	0	6.16603281263066
hsa-miR-337-3p	25	25	25	16	4	4	2	1	1	0	3.67533260987943
hsa-miR-337-5p	25	25	25	25	25	13	3	1	0	0	5.20148300810282
hsa-miR-338-5p	25	24	23	11	1	0	0	0	0	0	2.88841693507362
hsa-miR-339-3p	25	25	25	25	18	5	0	0	0	0	4.37302626520691
hsa-miR-339-5p	25	25	25	24	21	10	1	0	0	0	4.80405698264685
hsa-miR-33a	25	25	25	20	7	1	0	0	0	0	3.61466393767319
hsa-miR-33b	25	25	25	25	23	15	0	0	0	0	4.98107574284775
hsa-miR-340	25	25	25	25	25	24	23	17	11	3	7.56251746128707
hsa-miR-342-3p	25	25	25	25	25	25	18	10	1	1	6.63988249135278
hsa-miR-342-5p	25	25	25	24	14	1	0	0	0	0	4.0854373911353
hsa-miR-345	25	25	25	25	25	23	20	10	3	1	6.67256706879711
hsa-miR-346	25	25	25	25	13	5	1	0	0	0	4.26963497702252
hsa-miR-34a	25	25	25	25	24	22	17	12	9	5	7.22328694210261
hsa-miR-34b	25	25	25	25	25	24	5	0	0	0	5.60257091956461
hsa-miR-34c-3p	25	25	25	24	18	4	0	0	0	0	4.33096069791569
hsa-miR-34c-5p	25	25	25	25	25	15	6	2	0	0	5.32925948745722
hsa-miR-361-3p	25	25	25	25	25	15	5	1	0	0	5.37954435324315
hsa-miR-361-5p	25	25	25	25	24	24	24	24	19	7	8.58356387640821
hsa-miR-362-3p	25	25	25	25	21	18	10	4	0	0	5.65463715800007
hsa-miR-362-5p	25	25	25	25	25	20	11	4	0	0	5.89149649412488
hsa-miR-363	25	25	25	25	25	23	5	2	2	1	6.02278449218049
hsa-miR-365	25	25	25	25	25	22	19	14	7	1	7.01741382615869
hsa-miR-367	25	25	25	24	10	1	0	0	0	0	3.8395847591252
hsa-miR-369-3p	25	25	25	25	22	10	5	3	1	1	5.17454395803351
hsa-miR-369-5p	25	25	25	24	16	3	0	0	0	0	4.1388719818912
hsa-miR-370	25	25	25	21	10	2	1	1	0	0	3.85780376056868
hsa-miR-371-3p	25	25	25	25	13	2	1	1	1	1	4.36289115541023
hsa-miR-371-5p	25	25	23	23	7	1	1	1	1	1	3.97413452849841
hsa-miR-372	25	25	24	21	9	1	1	1	1	1	4.10393141890051
hsa-miR-373	25	25	25	25	16	2	1	1	1	1	4.61539299553617
hsa-miR-374a	25	25	25	25	25	25	25	25	20	10	9.13594185920026
hsa-miR-374b	25	25	25	25	25	25	25	25	25	14	9.37172530713483
hsa-miR-375	25	25	25	24	18	7	2	1	0	0	4.63481668597493
hsa-miR-376a	25	25	25	25	25	17	7	4	1	1	5.81209229666238
hsa-miR-376b	25	25	25	24	21	7	3	1	1	0	4.67589816879613
hsa-miR-376c	25	25	25	25	25	13	7	5	3	2	5.79735122926204
hsa-miR-377	25	25	25	25	20	9	5	4	1	1	5.03389502759519
hsa-miR-378	25	25	25	25	25	23	22	8	0	0	6.53100562935924
hsa-miR-379	25	25	25	25	24	19	8	1	0	0	5.59994410742523
hsa-miR-380	25	25	25	22	13	0	0	0	0	0	3.92358882931742
hsa-miR-381	25	24	23	17	6	4	2	1	0	0	3.68520747605463
hsa-miR-382	25	25	19	12	4	1	0	0	0	0	2.94952756578906
hsa-miR-383	25	25	25	25	22	10	2	0	0	0	4.86664912946423
hsa-miR-384	25	25	25	24	14	1	0	0	0	0	4.05388690458139
hsa-miR-409-3p	25	25	25	19	10	2	1	0	0	0	3.80550332752371
hsa-miR-409-5p	25	25	25	25	18	5	1	0	0	0	4.43075862090407
hsa-miR-410	25	25	25	25	21	11	3	1	1	0	5.02338733424852
hsa-miR-412	25	25	23	15	2	0	0	0	0	0	3.183428998245
hsa-miR-421	25	25	25	25	25	25	18	7	1	0	6.55425800667343
hsa-miR-422a	25	25	25	25	25	20	7	0	0	0	5.53851563209734
hsa-miR-423-3p	25	25	25	25	25	25	25	24	24	18	9.27723496838921
hsa-miR-423-5p	25	25	25	25	25	25	25	25	22	7	8.68788251873495
hsa-miR-424	25	25	25	25	25	22	13	6	1	0	6.20057716072483
hsa-miR-425	25	25	25	25	25	25	24	18	6	1	7.48677923134247
hsa-miR-429	25	25	25	25	24	16	10	8	4	3	6.17118639593935
hsa-miR-431	25	25	25	25	15	5	1	1	1	1	4.4473841411158
hsa-miR-432	25	25	25	24	14	3	1	0	0	0	4.26528597904015
hsa-miR-433	25	24	24	22	9	1	1	0	0	0	3.66790978178738
hsa-miR-448	25	24	21	9	1	0	0	0	0	0	2.75219933608477
hsa-miR-449a	25	25	25	25	14	3	1	0	0	0	4.1964368544409
hsa-miR-449b	25	25	25	22	5	0	0	0	0	0	3.63968113556465
hsa-miR-449c	24	18	15	3	0	0	0	0	0	0	1.95393644954435
hsa-miR-450a	25	25	25	25	21	16	10	4	2	1	5.76028556006876
hsa-miR-450b-3p	25	25	23	18	1	0	0	0	0	0	3.19730354095478
hsa-miR-450b-5p	25	25	25	25	24	15	4	0	0	0	5.15511858971924
hsa-miR-451	25	25	24	20	12	1	0	0	0	0	3.84647972932291
hsa-miR-452	25	25	25	25	24	14	7	5	0	0	5.57274847518489
hsa-miR-453	25	25	25	25	25	8	0	0	0	0	4.88796021299517
hsa-miR-454	25	25	25	25	25	23	14	4	1	0	6.21592293727689
hsa-miR-455-3p	25	25	25	25	25	24	20	15	8	2	7.25135925751539
hsa-miR-455-5p	25	25	25	25	23	21	11	4	1	1	5.92976723230261
hsa-miR-483-3p	25	25	24	21	8	7	6	6	5	3	4.74707108820968
hsa-miR-483-5p	25	25	25	23	11	1	1	1	0	0	4.07531674402064
hsa-miR-484	25	25	25	25	25	25	25	24	19	11	8.70994527259463
hsa-miR-485-3p	25	25	25	25	25	25	25	24	21	18	9.44009742029104
hsa-miR-485-5p	25	24	24	21	12	2	0	0	0	0	3.78970728994358
hsa-miR-486-3p	25	25	25	24	19	6	2	1	0	0	4.54572117353466
hsa-miR-487a	25	25	25	20	11	4	1	1	0	0	3.9691176066463
hsa-miR-487b	25	25	24	22	16	7	3	1	1	0	4.52545440027341
hsa-miR-488	25	25	24	16	2	1	0	0	0	0	3.16850662755755
hsa-miR-489	25	25	24	22	3	0	0	0	0	0	3.34825140960154
hsa-miR-490-3p	25	25	25	25	24	24	17	14	6	3	7.07475079571053
hsa-miR-490-5p	25	25	25	25	20	9	1	1	1	0	4.72390286096171
hsa-miR-491-3p	25	25	25	25	13	0	0	0	0	0	3.89842837678227
hsa-miR-491-5p	25	25	25	19	3	0	0	0	0	0	3.41106093476253
hsa-miR-492	25	25	25	20	7	0	0	0	0	0	3.5444521341321
hsa-miR-493	25	25	25	25	25	22	7	0	0	0	5.68728266775149
hsa-miR-494	25	25	25	25	25	25	24	22	19	14	8.861635512305
hsa-miR-495	25	25	25	25	25	14	5	3	1	1	5.449885492897
hsa-miR-496	25	25	25	25	25	25	24	10	0	0	6.81996936342366
hsa-miR-497	25	25	23	22	12	5	0	0	0	0	3.92538032114155
hsa-miR-498	25	25	24	18	8	1	0	0	0	0	3.42888201533954
hsa-miR-499-3p	25	25	24	22	9	0	0	0	0	0	3.66336544093573
hsa-miR-499-5p	25	25	25	23	17	5	1	1	0	0	4.40343409770588
hsa-miR-500+hsa-miR-501-5p	25	25	25	25	25	16	4	0	0	0	5.30552209282658
hsa-miR-501-3p	25	25	25	25	23	18	5	0	0	0	5.3793046897977
hsa-miR-503	25	25	24	23	19	10	3	3	1	0	4.78481957738118
hsa-miR-504	25	25	25	23	15	6	0	0	0	0	4.15628836787536
hsa-miR-505	25	25	25	22	15	6	0	0	0	0	4.22972960022386
hsa-miR-506	25	24	24	21	15	2	0	0	0	0	3.80072343390596
hsa-miR-507	25	25	25	23	13	0	0	0	0	0	3.77923711994873
hsa-miR-508-3p	25	25	23	17	6	0	0	0	0	0	3.38760749324196
hsa-miR-508-5p	25	25	25	24	18	5	1	1	1	0	4.53987406858271
hsa-miR-509-3-5p	25	24	20	6	0	0	0	0	0	0	2.4280822025361
hsa-miR-509-3p	25	25	25	25	22	19	15	9	6	2	6.34945323388865
hsa-miR-509-5p	25	25	25	24	12	3	2	0	0	0	4.23230764683372
hsa-miR-510	25	25	24	19	8	0	0	0	0	0	3.57436534378439
hsa-miR-511	25	24	21	11	1	0	0	0	0	0	2.81333556578459
hsa-miR-512-3p	25	24	22	7	0	0	0	0	0	0	2.68329012412187
hsa-miR-512-5p	25	25	25	23	14	3	1	1	1	1	4.41935229007948
hsa-miR-513a-3p	25	25	25	24	14	4	0	0	0	0	4.18839833417653
hsa-miR-513a-5p	25	24	23	20	6	0	0	0	0	0	3.40972580620375
hsa-miR-513b	25	24	23	18	4	0	0	0	0	0	3.29314375311082
hsa-miR-514	25	25	25	25	25	16	0	0	0	0	5.14745298558412
hsa-miR-515-3p	25	25	24	20	8	2	0	0	0	0	3.66919123313833
hsa-miR-515-5p	25	25	25	21	18	1	0	0	0	0	4.12559296896145
hsa-miR-516a-3p	25	25	25	25	25	23	6	0	0	0	5.77149515773878
hsa-miR-516a-5p	25	25	25	24	11	0	0	0	0	0	3.88909534905938
hsa-miR-516b	25	24	23	17	5	1	1	1	0	0	3.37953927372251
hsa-miR-517a	25	25	25	22	9	3	0	0	0	0	3.90834553390764
hsa-miR-517b	25	25	18	6	0	0	0	0	0	0	2.40425358106962
hsa-miR-517c+hsa-miR-519a	25	25	25	25	25	17	4	1	0	0	5.35735099596757
hsa-miR-518b	25	25	25	25	17	1	0	0	0	0	4.19673637382893
hsa-miR-518c	25	25	22	17	6	1	0	0	0	0	3.27718975253763
hsa-miR-518d-3p	25	25	25	25	19	3	0	0	0	0	4.30089364476479
hsa-miR-518e	25	25	25	25	19	2	0	0	0	0	4.31909145425594
hsa-miR-518f	13	5	5	5	5	3	0	0	0	0	1.0334323835497
hsa-miR-519b-3p	25	25	25	25	22	4	0	0	0	0	4.60257489491424
hsa-miR-519c-3p	25	23	19	10	0	0	0	0	0	0	2.68044892478473
hsa-miR-519d	25	25	24	17	2	0	0	0	0	0	3.24876835211736
hsa-miR-519e	25	25	24	22	13	3	0	0	0	0	3.99769100216039
hsa-miR-520a-3p	25	25	25	24	17	7	1	0	0	0	4.43674406373621
hsa-miR-520a-5p	25	25	24	23	16	5	1	0	0	0	4.23600534240603
hsa-miR-520b	25	24	24	22	13	0	0	0	0	0	3.83255921558775
hsa-miR-520c-3p	25	25	25	25	19	4	0	0	0	0	4.48529866548172
hsa-miR-520d-3p	25	25	24	19	3	1	1	0	0	0	3.40633965948882
hsa-miR-520d-5p+hsa-miR-527+hsa-miR-518a-5p	25	25	25	25	25	25	25	10	0	0	6.87817596191194
hsa-miR-520e	25	25	25	25	25	25	17	8	0	0	6.51269963688917
hsa-miR-520f	25	25	25	24	16	2	0	0	0	0	4.22068307525245
hsa-miR-520g	25	25	25	23	10	2	0	0	0	0	3.97128921859683
hsa-miR-521	25	25	24	18	8	0	0	0	0	0	3.44828272996072
hsa-miR-522	25	25	25	23	13	3	0	0	0	0	4.01124040434261
hsa-miR-523	25	25	24	9	1	0	0	0	0	0	2.91819638684143
hsa-miR-524-3p	25	25	23	12	0	0	0	0	0	0	2.92594646337623
hsa-miR-525-3p	25	25	25	25	16	0	0	0	0	0	4.12661640446263
hsa-miR-525-5p	25	25	24	24	18	7	0	0	0	0	4.45707963581143
hsa-miR-526a+hsa-miR-518d-5p+hsa-miR-520c-5p	25	25	25	25	25	24	21	6	2	0	6.61865342220866
hsa-miR-526b	25	25	25	25	25	13	4	0	0	0	5.22297812940033
hsa-miR-532-3p	25	25	25	25	25	21	15	6	2	0	6.22670285755844
hsa-miR-532-5p	25	25	25	25	20	13	8	0	0	0	5.25873286840839
hsa-miR-539	25	25	25	25	25	25	24	4	0	0	6.69053784213172
hsa-miR-541	25	25	21	15	0	0	0	0	0	0	2.90529592992834
hsa-miR-542-3p	25	25	25	25	25	23	7	3	0	0	5.66506086484567
hsa-miR-542-5p	25	25	25	25	24	15	2	0	0	0	5.05297057294642
hsa-miR-543	25	25	24	20	13	5	3	2	1	0	4.18383316678498
hsa-miR-544	25	25	25	25	25	25	25	25	25	25	12.0582341338573
hsa-miR-545	25	25	24	23	15	5	0	0	0	0	4.17406334015565
hsa-miR-548a-3p	25	25	25	25	25	18	4	1	0	0	5.3746595333771
hsa-miR-548a-5p	25	25	25	25	25	25	25	19	6	0	7.41389632853515
hsa-miR-548b-3p	25	25	25	25	14	2	0	0	0	0	4.10550424085072
hsa-miR-548b-5p	25	24	24	17	3	1	0	0	0	0	3.27733924875656
hsa-miR-548c-5p	25	23	23	15	2	1	0	0	0	0	3.04730692501523
hsa-miR-548d-3p	25	25	25	24	22	7	0	0	0	0	4.64983825110619
hsa-miR-548d-5p	25	25	25	25	25	21	3	0	0	0	5.45773707406272
hsa-miR-548e	25	25	25	23	9	1	0	0	0	0	3.95783655186646
hsa-miR-548f	25	25	25	25	15	2	0	0	0	0	4.15802671474996
hsa-miR-548g	25	25	25	25	25	25	12	2	0	0	6.12150568615432
hsa-miR-548h	25	25	25	25	25	13	0	0	0	0	5.00251152604954
hsa-miR-548i	25	25	25	25	25	25	22	4	0	0	6.56161769816903
hsa-miR-548j	25	25	25	23	13	5	0	0	0	0	4.12005548607741
hsa-miR-548k	25	25	25	24	19	2	0	0	0	0	4.41532854382586
hsa-miR-548l	25	25	25	25	18	1	0	0	0	0	4.28211050925875
hsa-miR-548m	25	25	25	25	23	11	0	0	0	0	4.85933861409144
hsa-miR-548o	25	25	25	24	15	2	0	0	0	0	4.19033809901976
hsa-miR-548p	25	25	24	19	7	0	0	0	0	0	3.57588076797614
hsa-miR-548q	25	25	23	13	1	0	0	0	0	0	2.97784359056537
hsa-miR-549	25	25	25	22	3	0	0	0	0	0	3.50654060010419
hsa-miR-550	25	24	22	12	0	0	0	0	0	0	2.92288893315548
hsa-miR-551a	25	25	25	24	17	5	0	0	0	0	4.27602565775848
hsa-miR-551b	25	25	24	23	21	10	3	0	0	0	4.7044302707803
hsa-miR-553	25	25	25	23	13	0	0	0	0	0	3.94160959065836
hsa-miR-554	25	25	24	19	6	0	0	0	0	0	3.56898846417422
hsa-miR-555	25	25	25	23	17	0	0	0	0	0	4.16625799302663
hsa-miR-556-3p	25	25	23	15	2	0	0	0	0	0	3.20277379655038
hsa-miR-556-5p	25	25	25	25	19	6	0	0	0	0	4.42301442457184
hsa-miR-557	25	25	25	21	3	0	0	0	0	0	3.52508187122507
hsa-miR-558	25	24	24	20	4	0	0	0	0	0	3.41114146219675
hsa-miR-559	25	25	24	15	5	0	0	0	0	0	3.31112732459398
hsa-miR-561	25	25	25	25	25	25	25	4	0	0	6.60041685970879
hsa-miR-562	25	25	25	25	24	6	0	0	0	0	4.75585859733357
hsa-miR-563	25	25	23	14	0	0	0	0	0	0	3.07939636774979
hsa-miR-564	25	24	20	9	0	0	0	0	0	0	2.67773976024202
hsa-miR-566	25	25	25	25	25	9	1	0	0	0	4.8786840883362
hsa-miR-567	24	23	21	10	2	0	0	0	0	0	2.73992354810793
hsa-miR-568	25	25	23	14	2	0	0	0	0	0	3.01931336875054
hsa-miR-569	25	25	25	25	25	20	9	0	0	0	5.64284447522048
hsa-miR-570	25	25	25	25	25	20	4	0	0	0	5.51813427898125
hsa-miR-571	25	25	25	21	3	0	0	0	0	0	3.50773564415511
hsa-miR-572	25	25	25	25	24	12	0	0	0	0	4.88901611992591
hsa-miR-573	25	25	25	21	12	3	0	0	0	0	3.945260042645
hsa-miR-574-3p	25	25	25	25	25	25	24	22	17	5	8.20727452762899
hsa-miR-574-5p	25	25	25	25	25	25	19	7	0	0	6.52279457753824
hsa-miR-576-3p	25	25	25	25	15	0	0	0	0	0	4.05224025085703
hsa-miR-576-5p	25	25	25	25	14	2	0	0	0	0	4.0909810888578
hsa-miR-577	25	25	25	25	20	8	0	0	0	0	4.50225674764462
hsa-miR-578	25	25	25	23	10	1	0	0	0	0	3.93016997281702
hsa-miR-579	24	23	23	23	23	21	19	12	6	0	6.42294683218164
hsa-miR-580	25	25	25	25	21	1	0	0	0	0	4.39199459612883
hsa-miR-581	25	25	25	22	8	0	0	0	0	0	3.60417845658019
hsa-miR-582-3p	25	25	25	21	15	1	0	0	0	0	3.91631034369736
hsa-miR-582-5p	25	25	25	25	24	17	12	3	1	0	5.7850258931563
hsa-miR-583	25	25	25	17	4	0	0	0	0	0	3.32621972257365
hsa-miR-584	25	25	25	25	25	11	0	0	0	0	4.94941960611899
hsa-miR-586	25	25	23	15	1	0	0	0	0	0	3.0856937868298
hsa-miR-587	25	25	24	18	5	0	0	0	0	0	3.31213861121617
hsa-miR-588	25	25	24	21	8	0	0	0	0	0	3.62515950320867
hsa-miR-589	25	25	25	25	21	3	0	0	0	0	4.3349505662685
hsa-miR-590-3p	25	25	25	25	23	13	2	0	0	0	5.01258683382276
hsa-miR-590-5p	24	23	23	23	23	23	23	23	22	19	8.91723030908545
hsa-miR-591	25	25	25	24	13	0	0	0	0	0	3.96383972684438
hsa-miR-592	25	25	25	25	24	16	4	1	0	0	5.34176601709575
hsa-miR-593	25	24	23	17	7	0	0	0	0	0	3.30964772345364
hsa-miR-595	25	25	25	25	17	8	2	0	0	0	4.59941561250164
hsa-miR-596	25	25	24	18	2	0	0	0	0	0	3.41991934421788
hsa-miR-597	25	25	25	18	5	0	0	0	0	0	3.40778112518715
hsa-miR-598	25	25	25	25	22	9	2	0	0	0	4.86298869634554
hsa-miR-599	25	25	25	22	10	1	0	0	0	0	3.71496962217931
hsa-miR-600	25	25	25	25	25	24	17	0	0	0	6.07526952793488
hsa-miR-601	25	25	25	24	19	1	0	0	0	0	4.28080100633442
hsa-miR-602	25	24	24	20	4	1	0	0	0	0	3.48031232359875
hsa-miR-603	14	3	3	3	3	3	2	2	1	0	0.927598068426551
hsa-miR-604	25	25	22	16	1	0	0	0	0	0	3.07445411017677
hsa-miR-605	25	25	25	17	4	0	0	0	0	0	3.36695506584876
hsa-miR-606	25	24	20	6	0	0	0	0	0	0	2.49017627838343
hsa-miR-607	25	25	25	22	9	2	0	0	0	0	3.85125895116603
hsa-miR-608	25	25	23	15	4	0	0	0	0	0	3.18929518242755
hsa-miR-609	25	25	24	17	4	0	0	0	0	0	3.3401469613482
hsa-miR-610	25	25	25	19	5	0	0	0	0	0	3.43360189847472
hsa-miR-611	25	25	25	16	1	0	0	0	0	0	3.13696056310819
hsa-miR-612	25	25	23	12	1	0	0	0	0	0	2.91410548583706
hsa-miR-613	25	25	25	25	16	1	0	0	0	0	4.09227122251523
hsa-miR-614	25	25	25	24	17	0	0	0	0	0	4.14597867667734
hsa-miR-615-3p	25	25	25	24	15	10	1	0	0	0	4.44947384393326
hsa-miR-615-5p	25	25	25	25	23	9	0	0	0	0	4.72649763162271
hsa-miR-616	25	25	25	23	16	1	0	0	0	0	4.10971718147096
hsa-miR-617	25	25	25	22	7	0	0	0	0	0	3.68697543059195
hsa-miR-619	25	25	25	23	16	5	2	0	0	0	4.25469941128561
hsa-miR-620	25	25	25	24	15	0	0	0	0	0	4.05488583842654
hsa-miR-622	25	25	25	20	5	0	0	0	0	0	3.56063670690413
hsa-miR-623	25	25	24	24	21	8	1	1	0	0	4.59560884860113
hsa-miR-624	25	25	22	17	6	0	0	0	0	0	3.26675740219639
hsa-miR-625	25	25	24	19	4	0	0	0	0	0	3.42045466980025
hsa-miR-626	25	25	25	25	25	25	13	5	2	0	6.38720401682676
hsa-miR-627	25	25	25	23	14	1	1	0	0	0	4.10043207015558
hsa-miR-628-5p	25	24	23	19	5	0	0	0	0	0	3.36164518656316
hsa-miR-629	25	25	25	25	24	15	1	0	0	0	5.06664756146459
hsa-miR-630	25	25	25	25	24	22	15	7	1	0	6.32357226758984
hsa-miR-631	25	25	24	23	12	3	0	0	0	0	3.93860385977452
hsa-miR-632	25	25	25	25	19	2	0	0	0	0	4.38047328508016
hsa-miR-633	25	25	25	24	18	10	4	2	1	0	4.91504992275321
hsa-miR-634	25	25	25	21	7	0	0	0	0	0	3.67302723680504
hsa-miR-635	25	25	25	24	11	1	0	0	0	0	3.9388943001347
hsa-miR-636	25	25	25	24	11	0	0	0	0	0	3.88153912626902
hsa-miR-637	25	25	24	17	1	0	0	0	0	0	3.24192506342846
hsa-miR-638	25	25	25	22	11	0	0	0	0	0	3.76334740763547
hsa-miR-639	25	25	25	24	13	1	0	0	0	0	4.12216525670595
hsa-miR-640	25	25	25	25	25	22	1	0	0	0	5.46281459296854
hsa-miR-641	25	25	25	25	25	25	9	0	0	0	5.83521275426938
hsa-miR-642	25	25	25	25	17	5	1	0	0	0	4.42428289304891
hsa-miR-643	25	25	22	20	6	0	0	0	0	0	3.41180319949033
hsa-miR-644	25	25	25	18	6	0	0	0	0	0	3.33926459711416
hsa-miR-645	25	25	25	19	7	1	0	0	0	0	3.61549079432074
hsa-miR-646	25	25	25	25	25	18	8	0	0	0	5.52402979163934
hsa-miR-647	25	25	25	19	5	0	0	0	0	0	3.50278351642631
hsa-miR-648	25	25	25	23	16	0	0	0	0	0	4.13067320738903
hsa-miR-649	25	25	25	25	18	4	0	0	0	0	4.40767971134066
hsa-miR-650	25	25	25	23	12	1	0	0	0	0	3.90095576761751
hsa-miR-651	25	25	25	25	25	25	16	0	0	0	6.11080861605298
hsa-miR-652	25	25	25	16	5	2	0	0	0	0	3.55108574458685
hsa-miR-653	25	25	25	25	20	8	0	0	0	0	4.61471131746008
hsa-miR-654-3p	25	25	25	25	25	18	3	0	0	0	5.28484114529112
hsa-miR-654-5p	25	25	25	25	10	1	0	0	0	0	3.89222409355494
hsa-miR-655	25	25	25	25	25	22	11	1	0	0	5.88417399981053
hsa-miR-656	25	25	25	24	23	7	1	0	0	0	4.68548846231489
hsa-miR-657	25	25	23	14	3	0	0	0	0	0	3.14118820027926
hsa-miR-658	25	25	25	21	11	2	0	0	0	0	3.79541432033119
hsa-miR-659	25	25	22	18	8	0	0	0	0	0	3.49630826903242
hsa-miR-660	25	25	25	25	25	20	14	4	0	0	6.06031715980266
hsa-miR-661	25	25	25	24	14	0	0	0	0	0	4.03603806323723
hsa-miR-662	25	25	24	23	9	0	0	0	0	0	3.73483024169272
hsa-miR-663	25	25	25	22	19	4	1	0	0	0	4.28943009803361
hsa-miR-663b	25	25	25	24	20	5	0	0	0	0	4.51851815862032
hsa-miR-664	13	0	0	0	0	0	0	0	0	0	0.120326690054462
hsa-miR-665	25	24	19	7	1	0	0	0	0	0	2.64218003653186
hsa-miR-668	25	25	25	24	7	0	0	0	0	0	3.78906961450771
hsa-miR-670	24	23	19	10	0	0	0	0	0	0	2.57331716259541
hsa-miR-671-3p	25	25	24	21	10	1	0	0	0	0	3.82260790514453
hsa-miR-671-5p	25	24	24	16	3	0	0	0	0	0	3.14812523965385
hsa-miR-675	25	24	24	23	16	3	0	0	0	0	4.11916478717944
hsa-miR-7	25	25	25	20	12	3	1	0	0	0	3.92161749457995
hsa-miR-708	25	25	25	25	25	25	25	13	1	0	7.0779975349824
hsa-miR-711	25	22	14	3	0	0	0	0	0	0	2.15768329552451
hsa-miR-718	25	25	25	24	13	1	0	0	0	0	4.03490509339817
hsa-miR-744	17	9	9	7	5	3	0	0	0	0	1.5876279335174
hsa-miR-758	25	25	24	22	13	2	0	0	0	0	3.98826952858719
hsa-miR-759	25	25	25	24	20	1	0	0	0	0	4.2547832612007
hsa-miR-760	25	25	25	21	13	2	0	0	0	0	3.95156497674346
hsa-miR-761	25	24	18	2	0	0	0	0	0	0	2.2432890159261
hsa-miR-762	25	25	22	20	13	1	0	0	0	0	3.77090600880136
hsa-miR-764	25	25	25	25	15	1	0	0	0	0	4.12133251328705
hsa-miR-765	25	25	24	14	2	0	0	0	0	0	3.24453013559256
hsa-miR-766	25	25	25	25	19	7	0	0	0	0	4.53549274070321
hsa-miR-767-3p	25	25	25	24	17	3	0	0	0	0	4.17543655571647
hsa-miR-767-5p	25	25	25	25	21	12	7	3	0	0	5.21616488129857
hsa-miR-769-3p	25	25	24	22	12	2	0	0	0	0	3.85030286269617
hsa-miR-769-5p	25	25	25	25	23	16	4	1	0	0	5.18777640690259
hsa-miR-770-5p	25	25	24	23	19	1	0	0	0	0	4.16389440849305
hsa-miR-802	25	25	25	25	20	4	0	0	0	0	4.4395883690281
hsa-miR-873	25	25	24	24	14	2	1	0	0	0	4.02031979943769
hsa-miR-874	25	25	25	25	19	2	0	0	0	0	4.30674537393024
hsa-miR-875-3p	25	25	22	7	1	0	0	0	0	0	2.78677460679162
hsa-miR-875-5p	25	25	25	25	23	14	8	2	1	1	5.42950072261704
hsa-miR-876-3p	25	25	25	24	15	1	0	0	0	0	4.08378701142093
hsa-miR-876-5p	25	25	25	25	19	1	0	0	0	0	4.30025809142864
hsa-miR-877	25	25	25	18	4	0	0	0	0	0	3.48844844026021
hsa-miR-885-3p	25	24	19	4	0	0	0	0	0	0	2.43941701230231
hsa-miR-885-5p	25	25	25	21	12	7	5	4	1	0	4.43730759435579
hsa-miR-887	25	25	25	22	11	0	0	0	0	0	3.83396406888294
hsa-miR-888	25	25	24	21	6	0	0	0	0	0	3.46547956817847
hsa-miR-889	25	25	25	20	13	2	1	1	0	0	4.02867550802122
hsa-miR-890	25	25	25	24	18	8	4	1	0	0	4.75076499116284
hsa-miR-891a	25	25	25	25	19	11	1	0	0	0	4.76814049117023
hsa-miR-891b	25	25	25	25	21	1	0	0	0	0	4.33116199476398
hsa-miR-892a	25	25	24	16	2	0	0	0	0	0	3.16292284237351
hsa-miR-892b	25	25	25	25	20	10	0	0	0	0	4.70782634372598
hsa-miR-9	25	25	24	23	20	13	10	5	4	2	5.62258078485937
hsa-miR-921	24	22	16	6	1	0	0	0	0	0	2.24539888638324
hsa-miR-922	25	25	24	18	10	0	0	0	0	0	3.5480357380412
hsa-miR-924	25	25	25	15	4	0	0	0	0	0	3.1952804183348
hsa-miR-92a	25	25	25	25	25	25	25	25	25	25	11.4842251191974
hsa-miR-92b	25	25	25	25	25	24	20	13	6	1	7.02616215300391
hsa-miR-93	25	25	25	25	25	25	25	25	20	11	8.88153995101763
hsa-miR-933	25	25	24	19	7	0	0	0	0	0	3.57076988107622
hsa-miR-934	25	25	25	25	25	17	3	0	0	0	5.15704134246989
hsa-miR-935	25	25	24	20	5	0	0	0	0	0	3.46777983404764
hsa-miR-936	25	24	19	14	0	0	0	0	0	0	2.74213957737167
hsa-miR-937	25	25	25	21	4	0	0	0	0	0	3.65007935747177
hsa-miR-938	25	25	25	21	9	0	0	0	0	0	3.66614418465737
hsa-miR-939	24	20	19	11	2	1	1	1	0	0	2.71490009510555
hsa-miR-943	25	25	25	25	24	15	4	0	0	0	5.18961400964544
hsa-miR-944	25	24	22	10	1	0	0	0	0	0	2.72851174816947
hsa-miR-95	25	25	23	20	14	8	6	2	0	0	4.50889556444956
hsa-miR-96	25	25	25	25	25	25	25	25	23	19	10.0126061069909
hsa-miR-98	25	25	25	25	22	18	15	12	7	2	6.59799434311437
hsa-miR-99a	25	25	25	25	25	22	21	16	9	5	7.51939267670594
hsa-miR-99b	25	25	25	25	25	23	22	22	21	19	9.64026774036019
